0,0,1.4121
0,0.37975,1.6094
0,0.75949,1.4012
0,1.1392,1.4601
0,1.519,1.2605
0,1.8987,1.0048
0,2.2785,0.62624
0,2.6582,0.36598
0,3.038,-0.069967
0,3.4177,-0.45627
0,3.7975,-0.72625
0,4.1772,-1.1113
0,4.557,-1.2031
0,4.9367,-1.6075
0,5.3165,-1.4454
0,5.6962,-1.6914
0,6.0759,-1.9491
0,6.4557,-1.7188
0,6.8354,-2.2062
0,7.2152,-1.9925
0,7.5949,-1.7753
0,7.9747,-1.7427
0,8.3544,-1.6834
0,8.7342,-1.6567
0,9.1139,-1.3576
0,9.4937,-0.93798
0,9.8734,-1.0885
0,10.253,-0.48637
0,10.633,-0.35602
0,11.013,0.017326
0,11.392,0.23498
0,11.772,0.60794
0,12.152,0.76854
0,12.532,1.0172
0,12.911,1.196
0,13.291,1.134
0,13.671,1.5244
0,14.051,1.3876
0,14.43,1.3467
0,14.81,1.5789
0,15.19,1.3681
0,15.57,1.3042
0,15.949,1.2168
0,16.329,1.1457
0,16.709,1.1043
0,17.089,1.0994
0,17.468,1.0459
0,17.848,1.0639
0,18.228,0.89585
0,18.608,0.82901
0,18.987,0.85736
0,19.367,0.52924
0,19.747,0.57698
0,20.127,0.26802
0,20.506,0.31248
0,20.886,0.02055
0,21.266,-0.1025
0,21.646,-0.22882
0,22.025,-0.45555
0,22.405,-0.48823
0,22.785,-0.39256
0,23.165,-0.36275
0,23.544,-0.28242
0,23.924,0.023389
0,24.304,-0.16312
0,24.684,0.087769
0,25.063,0.2955
0,25.443,0.30835
0,25.823,0.3403
0,26.203,0.67859
0,26.582,0.74847
0,26.962,0.61509
0,27.342,0.75594
0,27.722,0.45954
0,28.101,0.32591
0,28.481,0.26307
0,28.861,-0.086376
0,29.241,-0.1688
0,29.62,-0.3565
0,30,-0.60858
0.37975,0,1.1849
0.37975,0.37975,1.2862
0.37975,0.75949,1.2574
0.37975,1.1392,1.1583
0.37975,1.519,1.069
0.37975,1.8987,0.92424
0.37975,2.2785,0.38097
0.37975,2.6582,0.055534
0.37975,3.038,-0.069312
0.37975,3.4177,-0.62986
0.37975,3.7975,-0.79256
0.37975,4.1772,-1.2061
0.37975,4.557,-1.3962
0.37975,4.9367,-1.7005
0.37975,5.3165,-1.657
0.37975,5.6962,-2.0023
0.37975,6.0759,-1.933
0.37975,6.4557,-1.9608
0.37975,6.8354,-2.1003
0.37975,7.2152,-1.9882
0.37975,7.5949,-1.8672
0.37975,7.9747,-1.5848
0.37975,8.3544,-1.656
0.37975,8.7342,-1.4374
0.37975,9.1139,-1.548
0.37975,9.4937,-1.145
0.37975,9.8734,-0.90788
0.37975,10.253,-0.55676
0.37975,10.633,-0.2344
0.37975,11.013,-0.094267
0.37975,11.392,0.46594
0.37975,11.772,0.54423
0.37975,12.152,1.0696
0.37975,12.532,1.1539
0.37975,12.911,1.431
0.37975,13.291,1.5638
0.37975,13.671,1.4914
0.37975,14.051,1.7389
0.37975,14.43,1.6154
0.37975,14.81,1.6564
0.37975,15.19,1.6388
0.37975,15.57,1.5303
0.37975,15.949,1.4815
0.37975,16.329,1.4597
0.37975,16.709,1.472
0.37975,17.089,1.2806
0.37975,17.468,1.4414
0.37975,17.848,1.258
0.37975,18.228,1.2519
0.37975,18.608,1.1718
0.37975,18.987,0.79873
0.37975,19.367,1.1907
0.37975,19.747,0.89915
0.37975,20.127,0.67522
0.37975,20.506,0.53896
0.37975,20.886,0.44111
0.37975,21.266,0.24165
0.37975,21.646,0.041409
0.37975,22.025,0.19069
0.37975,22.405,-0.12633
0.37975,22.785,-0.2965
0.37975,23.165,-0.056569
0.37975,23.544,0.07246
0.37975,23.924,0.075852
0.37975,24.304,0.020226
0.37975,24.684,0.19779
0.37975,25.063,0.50945
0.37975,25.443,0.48197
0.37975,25.823,0.47527
0.37975,26.203,0.63932
0.37975,26.582,0.50394
0.37975,26.962,0.59002
0.37975,27.342,0.2838
0.37975,27.722,0.21281
0.37975,28.101,0.073446
0.37975,28.481,-0.021026
0.37975,28.861,-0.22594
0.37975,29.241,-0.3443
0.37975,29.62,-0.51104
0.37975,30,-0.74125
0.75949,0,1.1888
0.75949,0.37975,1.1128
0.75949,0.75949,1.0312
0.75949,1.1392,1.0038
0.75949,1.519,0.84163
0.75949,1.8987,0.81998
0.75949,2.2785,0.35171
0.75949,2.6582,0.11678
0.75949,3.038,-0.07206
0.75949,3.4177,-0.70565
0.75949,3.7975,-0.9929
0.75949,4.1772,-1.2273
0.75949,4.557,-1.7613
0.75949,4.9367,-1.7163
0.75949,5.3165,-1.9027
0.75949,5.6962,-2.0762
0.75949,6.0759,-2.2119
0.75949,6.4557,-2.1548
0.75949,6.8354,-1.971
0.75949,7.2152,-1.9062
0.75949,7.5949,-1.9194
0.75949,7.9747,-1.8752
0.75949,8.3544,-1.6235
0.75949,8.7342,-1.5364
0.75949,9.1139,-1.3465
0.75949,9.4937,-1.0581
0.75949,9.8734,-0.90304
0.75949,10.253,-0.44389
0.75949,10.633,-0.11645
0.75949,11.013,0.11773
0.75949,11.392,0.43386
0.75949,11.772,0.72443
0.75949,12.152,1.015
0.75949,12.532,1.1542
0.75949,12.911,1.4751
0.75949,13.291,1.7216
0.75949,13.671,1.5774
0.75949,14.051,1.6235
0.75949,14.43,1.4981
0.75949,14.81,1.6575
0.75949,15.19,1.6446
0.75949,15.57,1.8077
0.75949,15.949,1.6175
0.75949,16.329,1.5515
0.75949,16.709,1.7448
0.75949,17.089,1.6451
0.75949,17.468,1.8007
0.75949,17.848,1.527
0.75949,18.228,1.5268
0.75949,18.608,1.6409
0.75949,18.987,1.451
0.75949,19.367,1.3879
0.75949,19.747,1.1955
0.75949,20.127,1.0428
0.75949,20.506,1.05
0.75949,20.886,0.83157
0.75949,21.266,0.80134
0.75949,21.646,0.57538
0.75949,22.025,0.51657
0.75949,22.405,0.28569
0.75949,22.785,0.22119
0.75949,23.165,-0.0069575
0.75949,23.544,0.089984
0.75949,23.924,0.27988
0.75949,24.304,0.45459
0.75949,24.684,0.1
0.75949,25.063,0.43138
0.75949,25.443,0.18469
0.75949,25.823,0.52475
0.75949,26.203,0.56412
0.75949,26.582,0.55527
0.75949,26.962,0.46192
0.75949,27.342,0.30884
0.75949,27.722,-0.057188
0.75949,28.101,-0.012789
0.75949,28.481,-0.26287
0.75949,28.861,-0.42134
0.75949,29.241,-0.62073
0.75949,29.62,-0.60509
0.75949,30,-0.95868
1.1392,0,0.97024
1.1392,0.37975,1.06
1.1392,0.75949,0.99576
1.1392,1.1392,0.77963
1.1392,1.519,0.79742
1.1392,1.8987,0.61719
1.1392,2.2785,0.30621
1.1392,2.6582,-0.1438
1.1392,3.038,-0.37278
1.1392,3.4177,-0.85822
1.1392,3.7975,-0.96697
1.1392,4.1772,-1.3933
1.1392,4.557,-1.6487
1.1392,4.9367,-1.7845
1.1392,5.3165,-2.1922
1.1392,5.6962,-1.9686
1.1392,6.0759,-2.2837
1.1392,6.4557,-2.3019
1.1392,6.8354,-2.2245
1.1392,7.2152,-2.0533
1.1392,7.5949,-1.8491
1.1392,7.9747,-1.8656
1.1392,8.3544,-1.7429
1.1392,8.7342,-1.5027
1.1392,9.1139,-1.2201
1.1392,9.4937,-1.1009
1.1392,9.8734,-0.75315
1.1392,10.253,-0.59977
1.1392,10.633,-0.20469
1.1392,11.013,0.08786
1.1392,11.392,0.37124
1.1392,11.772,0.87405
1.1392,12.152,1.1487
1.1392,12.532,1.2312
1.1392,12.911,1.4249
1.1392,13.291,1.6282
1.1392,13.671,1.724
1.1392,14.051,1.7216
1.1392,14.43,1.7786
1.1392,14.81,1.7534
1.1392,15.19,1.8631
1.1392,15.57,2.1081
1.1392,15.949,2.0244
1.1392,16.329,1.9879
1.1392,16.709,1.8124
1.1392,17.089,1.7983
1.1392,17.468,1.9121
1.1392,17.848,1.8264
1.1392,18.228,1.7977
1.1392,18.608,1.722
1.1392,18.987,1.6764
1.1392,19.367,1.7101
1.1392,19.747,1.6379
1.1392,20.127,1.3431
1.1392,20.506,1.3867
1.1392,20.886,1.1485
1.1392,21.266,0.79272
1.1392,21.646,0.89287
1.1392,22.025,0.79515
1.1392,22.405,0.70547
1.1392,22.785,0.27346
1.1392,23.165,0.38407
1.1392,23.544,0.10875
1.1392,23.924,0.1947
1.1392,24.304,0.31719
1.1392,24.684,0.40578
1.1392,25.063,0.56326
1.1392,25.443,0.67707
1.1392,25.823,0.63682
1.1392,26.203,0.3776
1.1392,26.582,0.4282
1.1392,26.962,0.19113
1.1392,27.342,-0.17705
1.1392,27.722,-0.12881
1.1392,28.101,-0.46408
1.1392,28.481,-0.3902
1.1392,28.861,-0.60778
1.1392,29.241,-0.67157
1.1392,29.62,-1.0527
1.1392,30,-1.0293
1.519,0,1.006
1.519,0.37975,1.0284
1.519,0.75949,0.77594
1.519,1.1392,0.78005
1.519,1.519,0.55748
1.519,1.8987,0.35899
1.519,2.2785,-0.0025596
1.519,2.6582,-0.27019
1.519,3.038,-0.7129
1.519,3.4177,-0.83389
1.519,3.7975,-1.2651
1.519,4.1772,-1.4509
1.519,4.557,-1.9157
1.519,4.9367,-2.0404
1.519,5.3165,-2.0224
1.519,5.6962,-2.0492
1.519,6.0759,-1.944
1.519,6.4557,-2.1361
1.519,6.8354,-2.198
1.519,7.2152,-2.2794
1.519,7.5949,-2.0873
1.519,7.9747,-1.7521
1.519,8.3544,-1.5877
1.519,8.7342,-1.4531
1.519,9.1139,-1.217
1.519,9.4937,-1.0046
1.519,9.8734,-0.6446
1.519,10.253,-0.49347
1.519,10.633,-0.18954
1.519,11.013,0.20839
1.519,11.392,0.32985
1.519,11.772,0.79277
1.519,12.152,1.2295
1.519,12.532,1.0616
1.519,12.911,1.5119
1.519,13.291,1.5677
1.519,13.671,1.7505
1.519,14.051,1.7676
1.519,14.43,1.7179
1.519,14.81,2.0245
1.519,15.19,2.0692
1.519,15.57,1.8275
1.519,15.949,2.1152
1.519,16.329,1.9928
1.519,16.709,2.0746
1.519,17.089,2.1293
1.519,17.468,1.9406
1.519,17.848,2.0005
1.519,18.228,1.7659
1.519,18.608,1.8736
1.519,18.987,1.8491
1.519,19.367,1.8148
1.519,19.747,1.6425
1.519,20.127,1.5119
1.519,20.506,1.4851
1.519,20.886,1.3216
1.519,21.266,1.2189
1.519,21.646,1.1089
1.519,22.025,1.0553
1.519,22.405,0.84592
1.519,22.785,0.63374
1.519,23.165,0.58644
1.519,23.544,0.45711
1.519,23.924,0.6775
1.519,24.304,0.67115
1.519,24.684,0.51642
1.519,25.063,0.47339
1.519,25.443,0.51031
1.519,25.823,0.41607
1.519,26.203,0.35476
1.519,26.582,0.13508
1.519,26.962,0.035004
1.519,27.342,-0.18067
1.519,27.722,-0.49063
1.519,28.101,-0.43756
1.519,28.481,-0.6646
1.519,28.861,-0.8895
1.519,29.241,-1.0591
1.519,29.62,-1.0323
1.519,30,-1.2709
1.8987,0,0.90575
1.8987,0.37975,0.84131
1.8987,0.75949,0.77931
1.8987,1.1392,0.78594
1.8987,1.519,0.40126
1.8987,1.8987,0.26015
1.8987,2.2785,0.0085227
1.8987,2.6582,-0.3514
1.8987,3.038,-0.54945
1.8987,3.4177,-0.86069
1.8987,3.7975,-1.3291
1.8987,4.1772,-1.4501
1.8987,4.557,-1.7189
1.8987,4.9367,-2.0542
1.8987,5.3165,-2.035
1.8987,5.6962,-2.014
1.8987,6.0759,-2.129
1.8987,6.4557,-2.2276
1.8987,6.8354,-2.2802
1.8987,7.2152,-2.0537
1.8987,7.5949,-1.9684
1.8987,7.9747,-1.9215
1.8987,8.3544,-1.6605
1.8987,8.7342,-1.4188
1.8987,9.1139,-1.0939
1.8987,9.4937,-0.81811
1.8987,9.8734,-0.76867
1.8987,10.253,-0.4451
1.8987,10.633,-0.044986
1.8987,11.013,0.25813
1.8987,11.392,0.53205
1.8987,11.772,0.74011
1.8987,12.152,0.91886
1.8987,12.532,1.3624
1.8987,12.911,1.5831
1.8987,13.291,1.5432
1.8987,13.671,1.6334
1.8987,14.051,1.9251
1.8987,14.43,1.9942
1.8987,14.81,2.0846
1.8987,15.19,1.9714
1.8987,15.57,2.2887
1.8987,15.949,1.8128
1.8987,16.329,2.053
1.8987,16.709,2.1081
1.8987,17.089,2.1426
1.8987,17.468,2.0081
1.8987,17.848,2.1769
1.8987,18.228,2.2031
1.8987,18.608,1.9758
1.8987,18.987,1.945
1.8987,19.367,2.1131
1.8987,19.747,1.6705
1.8987,20.127,1.6855
1.8987,20.506,1.6152
1.8987,20.886,1.3502
1.8987,21.266,1.0817
1.8987,21.646,1.1652
1.8987,22.025,1.0757
1.8987,22.405,0.97182
1.8987,22.785,0.73374
1.8987,23.165,0.59957
1.8987,23.544,0.66144
1.8987,23.924,0.74455
1.8987,24.304,0.64736
1.8987,24.684,0.63323
1.8987,25.063,0.51359
1.8987,25.443,0.59646
1.8987,25.823,0.47906
1.8987,26.203,0.31722
1.8987,26.582,0.077074
1.8987,26.962,-0.066725
1.8987,27.342,-0.43232
1.8987,27.722,-0.51578
1.8987,28.101,-0.70102
1.8987,28.481,-0.96109
1.8987,28.861,-0.96403
1.8987,29.241,-0.95028
1.8987,29.62,-1.3091
1.8987,30,-1.2785
2.2785,0,0.68474
2.2785,0.37975,0.71592
2.2785,0.75949,0.65158
2.2785,1.1392,0.39203
2.2785,1.519,0.47643
2.2785,1.8987,0.16408
2.2785,2.2785,-0.17628
2.2785,2.6582,-0.41207
2.2785,3.038,-0.65185
2.2785,3.4177,-0.98331
2.2785,3.7975,-1.3185
2.2785,4.1772,-1.4707
2.2785,4.557,-1.7335
2.2785,4.9367,-1.9599
2.2785,5.3165,-2.0665
2.2785,5.6962,-2.1552
2.2785,6.0759,-2.0952
2.2785,6.4557,-2.1373
2.2785,6.8354,-2.0421
2.2785,7.2152,-1.9062
2.2785,7.5949,-2.0415
2.2785,7.9747,-1.5972
2.2785,8.3544,-1.5368
2.2785,8.7342,-1.3937
2.2785,9.1139,-0.88125
2.2785,9.4937,-0.94814
2.2785,9.8734,-0.5695
2.2785,10.253,-0.31232
2.2785,10.633,0.0012604
2.2785,11.013,0.31458
2.2785,11.392,0.49686
2.2785,11.772,0.75202
2.2785,12.152,1.0781
2.2785,12.532,1.3225
2.2785,12.911,1.4422
2.2785,13.291,1.502
2.2785,13.671,1.6745
2.2785,14.051,1.9158
2.2785,14.43,2.0063
2.2785,14.81,1.9886
2.2785,15.19,2.0872
2.2785,15.57,2.1279
2.2785,15.949,2.0302
2.2785,16.329,2.1106
2.2785,16.709,2.3266
2.2785,17.089,2.334
2.2785,17.468,2.2603
2.2785,17.848,2.2362
2.2785,18.228,2.0688
2.2785,18.608,2.1067
2.2785,18.987,2.1278
2.2785,19.367,1.8837
2.2785,19.747,1.8323
2.2785,20.127,1.7199
2.2785,20.506,1.6901
2.2785,20.886,1.4727
2.2785,21.266,1.3426
2.2785,21.646,1.1373
2.2785,22.025,1.1194
2.2785,22.405,1.1334
2.2785,22.785,0.89199
2.2785,23.165,0.76445
2.2785,23.544,0.85125
2.2785,23.924,0.80845
2.2785,24.304,0.57627
2.2785,24.684,0.73253
2.2785,25.063,0.61747
2.2785,25.443,0.59876
2.2785,25.823,0.31219
2.2785,26.203,0.51346
2.2785,26.582,0.13725
2.2785,26.962,-0.087569
2.2785,27.342,-0.41729
2.2785,27.722,-0.64332
2.2785,28.101,-0.82328
2.2785,28.481,-0.87595
2.2785,28.861,-0.98485
2.2785,29.241,-1.3078
2.2785,29.62,-1.3394
2.2785,30,-1.2596
2.6582,0,0.78188
2.6582,0.37975,0.46661
2.6582,0.75949,0.58737
2.6582,1.1392,0.46926
2.6582,1.519,0.26101
2.6582,1.8987,0.21709
2.6582,2.2785,-0.18293
2.6582,2.6582,-0.24971
2.6582,3.038,-0.69864
2.6582,3.4177,-1.0973
2.6582,3.7975,-1.1537
2.6582,4.1772,-1.4193
2.6582,4.557,-1.8062
2.6582,4.9367,-1.7468
2.6582,5.3165,-2.0541
2.6582,5.6962,-2.0422
2.6582,6.0759,-1.9893
2.6582,6.4557,-2.0837
2.6582,6.8354,-1.839
2.6582,7.2152,-1.9229
2.6582,7.5949,-1.8307
2.6582,7.9747,-1.6619
2.6582,8.3544,-1.358
2.6582,8.7342,-1.0773
2.6582,9.1139,-0.90378
2.6582,9.4937,-0.80939
2.6582,9.8734,-0.32342
2.6582,10.253,-0.24818
2.6582,10.633,0.060058
2.6582,11.013,0.21244
2.6582,11.392,0.62406
2.6582,11.772,0.93259
2.6582,12.152,0.98389
2.6582,12.532,1.3312
2.6582,12.911,1.4552
2.6582,13.291,1.4679
2.6582,13.671,1.8094
2.6582,14.051,1.881
2.6582,14.43,2.0226
2.6582,14.81,2.1902
2.6582,15.19,2.1122
2.6582,15.57,2.2599
2.6582,15.949,2.1819
2.6582,16.329,2.281
2.6582,16.709,2.4332
2.6582,17.089,2.3285
2.6582,17.468,2.2439
2.6582,17.848,2.1702
2.6582,18.228,2.0333
2.6582,18.608,2.0142
2.6582,18.987,1.9947
2.6582,19.367,1.9189
2.6582,19.747,1.8748
2.6582,20.127,1.7712
2.6582,20.506,1.5396
2.6582,20.886,1.6888
2.6582,21.266,1.4033
2.6582,21.646,1.317
2.6582,22.025,1.0736
2.6582,22.405,0.98031
2.6582,22.785,0.99698
2.6582,23.165,0.8971
2.6582,23.544,0.91297
2.6582,23.924,1.0251
2.6582,24.304,0.68389
2.6582,24.684,0.68538
2.6582,25.063,0.65919
2.6582,25.443,0.57269
2.6582,25.823,0.2513
2.6582,26.203,0.20011
2.6582,26.582,0.17359
2.6582,26.962,-0.13424
2.6582,27.342,-0.3094
2.6582,27.722,-0.46112
2.6582,28.101,-0.75627
2.6582,28.481,-0.67977
2.6582,28.861,-1.1387
2.6582,29.241,-1.0212
2.6582,29.62,-1.0085
2.6582,30,-1.0832
3.038,0,0.6904
3.038,0.37975,0.41691
3.038,0.75949,0.27476
3.038,1.1392,-0.018358
3.038,1.519,0.07951
3.038,1.8987,-0.013
3.038,2.2785,-0.072831
3.038,2.6582,-0.39746
3.038,3.038,-0.75097
3.038,3.4177,-1.0251
3.038,3.7975,-1.222
3.038,4.1772,-1.3477
3.038,4.557,-1.8011
3.038,4.9367,-1.9881
3.038,5.3165,-2.0071
3.038,5.6962,-2.1433
3.038,6.0759,-2.1268
3.038,6.4557,-2.2177
3.038,6.8354,-1.7166
3.038,7.2152,-1.9057
3.038,7.5949,-1.6152
3.038,7.9747,-1.3316
3.038,8.3544,-1.4346
3.038,8.7342,-1.1952
3.038,9.1139,-0.9496
3.038,9.4937,-0.85487
3.038,9.8734,-0.27411
3.038,10.253,-0.21079
3.038,10.633,0.11644
3.038,11.013,0.25361
3.038,11.392,0.6744
3.038,11.772,0.7001
3.038,12.152,0.95738
3.038,12.532,1.1231
3.038,12.911,1.4255
3.038,13.291,1.6645
3.038,13.671,1.6745
3.038,14.051,2.0406
3.038,14.43,2.1101
3.038,14.81,1.9267
3.038,15.19,2.1528
3.038,15.57,2.2448
3.038,15.949,2.2391
3.038,16.329,2.2654
3.038,16.709,2.3359
3.038,17.089,2.2054
3.038,17.468,2.1515
3.038,17.848,2.112
3.038,18.228,2.0935
3.038,18.608,1.984
3.038,18.987,2.0794
3.038,19.367,1.8993
3.038,19.747,1.7675
3.038,20.127,1.6175
3.038,20.506,1.5418
3.038,20.886,1.494
3.038,21.266,1.2143
3.038,21.646,1.115
3.038,22.025,0.99383
3.038,22.405,0.93375
3.038,22.785,0.98669
3.038,23.165,0.94831
3.038,23.544,0.93817
3.038,23.924,0.82985
3.038,24.304,0.74594
3.038,24.684,0.61941
3.038,25.063,0.6419
3.038,25.443,0.68817
3.038,25.823,0.47998
3.038,26.203,0.24939
3.038,26.582,0.23649
3.038,26.962,-0.16825
3.038,27.342,-0.35849
3.038,27.722,-0.58227
3.038,28.101,-0.56675
3.038,28.481,-0.78493
3.038,28.861,-1.1044
3.038,29.241,-1.2005
3.038,29.62,-1.1957
3.038,30,-1.1652
3.4177,0,0.43628
3.4177,0.37975,0.34269
3.4177,0.75949,0.099004
3.4177,1.1392,0.11699
3.4177,1.519,-0.15259
3.4177,1.8987,-0.18407
3.4177,2.2785,-0.28613
3.4177,2.6582,-0.58523
3.4177,3.038,-0.80916
3.4177,3.4177,-0.93724
3.4177,3.7975,-1.2688
3.4177,4.1772,-1.5423
3.4177,4.557,-1.8097
3.4177,4.9367,-1.7378
3.4177,5.3165,-1.9264
3.4177,5.6962,-1.9688
3.4177,6.0759,-2.1097
3.4177,6.4557,-1.9872
3.4177,6.8354,-1.7815
3.4177,7.2152,-1.6703
3.4177,7.5949,-1.6197
3.4177,7.9747,-1.308
3.4177,8.3544,-1.0614
3.4177,8.7342,-0.83157
3.4177,9.1139,-0.83687
3.4177,9.4937,-0.47045
3.4177,9.8734,-0.18586
3.4177,10.253,-0.20557
3.4177,10.633,0.17285
3.4177,11.013,0.45928
3.4177,11.392,0.59233
3.4177,11.772,0.90615
3.4177,12.152,1.0492
3.4177,12.532,1.4956
3.4177,12.911,1.4341
3.4177,13.291,1.6227
3.4177,13.671,1.5772
3.4177,14.051,1.907
3.4177,14.43,1.8741
3.4177,14.81,2.259
3.4177,15.19,2.3128
3.4177,15.57,2.2504
3.4177,15.949,2.1803
3.4177,16.329,2.0145
3.4177,16.709,2.277
3.4177,17.089,1.9604
3.4177,17.468,1.9995
3.4177,17.848,2.0177
3.4177,18.228,2.0724
3.4177,18.608,1.9639
3.4177,18.987,1.6777
3.4177,19.367,1.7927
3.4177,19.747,1.5524
3.4177,20.127,1.5939
3.4177,20.506,1.4078
3.4177,20.886,1.4543
3.4177,21.266,1.2192
3.4177,21.646,1.1584
3.4177,22.025,1.1939
3.4177,22.405,1.2136
3.4177,22.785,0.90681
3.4177,23.165,0.78261
3.4177,23.544,0.93401
3.4177,23.924,0.96846
3.4177,24.304,0.74446
3.4177,24.684,0.92126
3.4177,25.063,0.75875
3.4177,25.443,0.72284
3.4177,25.823,0.40108
3.4177,26.203,0.5216
3.4177,26.582,0.25261
3.4177,26.962,-0.051947
3.4177,27.342,-0.20728
3.4177,27.722,-0.4223
3.4177,28.101,-0.67321
3.4177,28.481,-0.9024
3.4177,28.861,-0.82383
3.4177,29.241,-0.94875
3.4177,29.62,-1.2736
3.4177,30,-0.93853
3.7975,0,0.3392
3.7975,0.37975,0.13783
3.7975,0.75949,-0.067854
3.7975,1.1392,0.066847
3.7975,1.519,-0.14972
3.7975,1.8987,-0.049639
3.7975,2.2785,-0.40681
3.7975,2.6582,-0.53165
3.7975,3.038,-0.87212
3.7975,3.4177,-1.1046
3.7975,3.7975,-1.1896
3.7975,4.1772,-1.4865
3.7975,4.557,-1.801
3.7975,4.9367,-1.7991
3.7975,5.3165,-2.0176
3.7975,5.6962,-1.8529
3.7975,6.0759,-2.1082
3.7975,6.4557,-1.9823
3.7975,6.8354,-1.6008
3.7975,7.2152,-1.55
3.7975,7.5949,-1.3329
3.7975,7.9747,-1.2445
3.7975,8.3544,-0.9841
3.7975,8.7342,-0.88306
3.7975,9.1139,-0.70951
3.7975,9.4937,-0.40482
3.7975,9.8734,-0.051386
3.7975,10.253,0.071347
3.7975,10.633,0.05711
3.7975,11.013,0.70469
3.7975,11.392,0.77906
3.7975,11.772,0.96743
3.7975,12.152,0.86275
3.7975,12.532,1.3452
3.7975,12.911,1.3785
3.7975,13.291,1.6779
3.7975,13.671,1.7536
3.7975,14.051,2.0223
3.7975,14.43,2.208
3.7975,14.81,2.1438
3.7975,15.19,2.0707
3.7975,15.57,2.1782
3.7975,15.949,2.175
3.7975,16.329,2.1817
3.7975,16.709,1.9354
3.7975,17.089,1.86
3.7975,17.468,1.8355
3.7975,17.848,1.9641
3.7975,18.228,1.6723
3.7975,18.608,1.5473
3.7975,18.987,1.4555
3.7975,19.367,1.5073
3.7975,19.747,1.4495
3.7975,20.127,1.2508
3.7975,20.506,1.2608
3.7975,20.886,1.155
3.7975,21.266,1.3688
3.7975,21.646,1.2306
3.7975,22.025,1.1087
3.7975,22.405,0.97991
3.7975,22.785,1.0644
3.7975,23.165,0.93022
3.7975,23.544,0.80889
3.7975,23.924,0.89559
3.7975,24.304,0.89098
3.7975,24.684,0.9508
3.7975,25.063,0.96476
3.7975,25.443,0.67144
3.7975,25.823,0.41471
3.7975,26.203,0.28234
3.7975,26.582,0.1818
3.7975,26.962,-0.028801
3.7975,27.342,-0.23989
3.7975,27.722,-0.16769
3.7975,28.101,-0.49779
3.7975,28.481,-0.68631
3.7975,28.861,-0.81365
3.7975,29.241,-0.94629
3.7975,29.62,-0.80106
3.7975,30,-0.88352
4.1772,0,0.26537
4.1772,0.37975,-0.079702
4.1772,0.75949,0.027166
4.1772,1.1392,-0.19481
4.1772,1.519,-0.24216
4.1772,1.8987,-0.31814
4.1772,2.2785,-0.53574
4.1772,2.6582,-0.60427
4.1772,3.038,-0.88402
4.1772,3.4177,-0.98325
4.1772,3.7975,-1.2202
4.1772,4.1772,-1.3764
4.1772,4.557,-1.6631
4.1772,4.9367,-1.7919
4.1772,5.3165,-1.7988
4.1772,5.6962,-2.0115
4.1772,6.0759,-1.7949
4.1772,6.4557,-1.7687
4.1772,6.8354,-1.6421
4.1772,7.2152,-1.4418
4.1772,7.5949,-1.3663
4.1772,7.9747,-0.93219
4.1772,8.3544,-0.80203
4.1772,8.7342,-0.86757
4.1772,9.1139,-0.49159
4.1772,9.4937,-0.27035
4.1772,9.8734,-0.099789
4.1772,10.253,0.15256
4.1772,10.633,0.42058
4.1772,11.013,0.5407
4.1772,11.392,0.75698
4.1772,11.772,0.97635
4.1772,12.152,1.2404
4.1772,12.532,1.3541
4.1772,12.911,1.46
4.1772,13.291,1.5996
4.1772,13.671,1.639
4.1772,14.051,1.7618
4.1772,14.43,1.7976
4.1772,14.81,2.0373
4.1772,15.19,1.9743
4.1772,15.57,1.9923
4.1772,15.949,2.0262
4.1772,16.329,2.1454
4.1772,16.709,1.959
4.1772,17.089,1.891
4.1772,17.468,1.7502
4.1772,17.848,1.7951
4.1772,18.228,1.7385
4.1772,18.608,1.5978
4.1772,18.987,1.4791
4.1772,19.367,1.4958
4.1772,19.747,1.1794
4.1772,20.127,0.98373
4.1772,20.506,1.2009
4.1772,20.886,1.1366
4.1772,21.266,0.89703
4.1772,21.646,0.88473
4.1772,22.025,0.99899
4.1772,22.405,0.85473
4.1772,22.785,0.96977
4.1772,23.165,0.59465
4.1772,23.544,0.9533
4.1772,23.924,0.92426
4.1772,24.304,0.83133
4.1772,24.684,0.74551
4.1772,25.063,0.81828
4.1772,25.443,0.77902
4.1772,25.823,0.31501
4.1772,26.203,0.37709
4.1772,26.582,0.29408
4.1772,26.962,0.2161
4.1772,27.342,-0.071118
4.1772,27.722,-0.31168
4.1772,28.101,-0.33851
4.1772,28.481,-0.43479
4.1772,28.861,-0.36351
4.1772,29.241,-0.52467
4.1772,29.62,-0.44808
4.1772,30,-0.33808
4.557,0,0.18134
4.557,0.37975,-0.13569
4.557,0.75949,-0.36393
4.557,1.1392,-0.38738
4.557,1.519,-0.32538
4.557,1.8987,-0.71857
4.557,2.2785,-0.61759
4.557,2.6582,-0.63319
4.557,3.038,-0.966
4.557,3.4177,-1.0291
4.557,3.7975,-1.2368
4.557,4.1772,-1.5175
4.557,4.557,-1.5263
4.557,4.9367,-1.5742
4.557,5.3165,-1.7262
4.557,5.6962,-1.7607
4.557,6.0759,-1.7888
4.557,6.4557,-1.6659
4.557,6.8354,-1.586
4.557,7.2152,-1.4172
4.557,7.5949,-1.2018
4.557,7.9747,-1.1794
4.557,8.3544,-0.81019
4.557,8.7342,-0.49068
4.557,9.1139,-0.28902
4.557,9.4937,-0.29065
4.557,9.8734,-0.032841
4.557,10.253,0.18792
4.557,10.633,0.56823
4.557,11.013,0.63255
4.557,11.392,0.6693
4.557,11.772,1.1196
4.557,12.152,1.2492
4.557,12.532,1.2731
4.557,12.911,1.416
4.557,13.291,1.6149
4.557,13.671,1.8258
4.557,14.051,1.8093
4.557,14.43,1.77
4.557,14.81,2.0167
4.557,15.19,2.0535
4.557,15.57,1.9279
4.557,15.949,1.7282
4.557,16.329,1.7175
4.557,16.709,1.7968
4.557,17.089,1.6561
4.557,17.468,1.4536
4.557,17.848,1.5833
4.557,18.228,1.4645
4.557,18.608,1.2556
4.557,18.987,1.338
4.557,19.367,0.94295
4.557,19.747,0.96546
4.557,20.127,0.84639
4.557,20.506,0.85296
4.557,20.886,0.74766
4.557,21.266,0.89507
4.557,21.646,0.78745
4.557,22.025,0.82398
4.557,22.405,0.68196
4.557,22.785,0.69013
4.557,23.165,0.6965
4.557,23.544,0.67597
4.557,23.924,0.69225
4.557,24.304,0.82169
4.557,24.684,0.8606
4.557,25.063,1.0697
4.557,25.443,0.70425
4.557,25.823,0.63808
4.557,26.203,0.58192
4.557,26.582,0.37473
4.557,26.962,0.25235
4.557,27.342,0.19106
4.557,27.722,0.055337
4.557,28.101,-0.091755
4.557,28.481,-0.1674
4.557,28.861,-0.31051
4.557,29.241,-0.43414
4.557,29.62,-0.45139
4.557,30,-0.39344
4.9367,0,-0.078684
4.9367,0.37975,-0.14743
4.9367,0.75949,-0.28083
4.9367,1.1392,-0.46487
4.9367,1.519,-0.60779
4.9367,1.8987,-0.53905
4.9367,2.2785,-0.78095
4.9367,2.6582,-0.77882
4.9367,3.038,-0.88504
4.9367,3.4177,-1.1444
4.9367,3.7975,-1.1788
4.9367,4.1772,-1.1867
4.9367,4.557,-1.4667
4.9367,4.9367,-1.5462
4.9367,5.3165,-1.7378
4.9367,5.6962,-1.5769
4.9367,6.0759,-1.3814
4.9367,6.4557,-1.4643
4.9367,6.8354,-1.4873
4.9367,7.2152,-1.3466
4.9367,7.5949,-1.1015
4.9367,7.9747,-0.89258
4.9367,8.3544,-0.77368
4.9367,8.7342,-0.52629
4.9367,9.1139,-0.18372
4.9367,9.4937,-0.060771
4.9367,9.8734,0.175
4.9367,10.253,0.47512
4.9367,10.633,0.37933
4.9367,11.013,0.52101
4.9367,11.392,0.94406
4.9367,11.772,1.064
4.9367,12.152,1.4451
4.9367,12.532,1.3614
4.9367,12.911,1.3397
4.9367,13.291,1.6546
4.9367,13.671,1.564
4.9367,14.051,1.6712
4.9367,14.43,1.6077
4.9367,14.81,1.7529
4.9367,15.19,1.8967
4.9367,15.57,1.9173
4.9367,15.949,1.9081
4.9367,16.329,1.6276
4.9367,16.709,1.7424
4.9367,17.089,1.4944
4.9367,17.468,1.3912
4.9367,17.848,1.3119
4.9367,18.228,1.2982
4.9367,18.608,1.0488
4.9367,18.987,1.0259
4.9367,19.367,1.0088
4.9367,19.747,0.86648
4.9367,20.127,0.81188
4.9367,20.506,0.59916
4.9367,20.886,0.6217
4.9367,21.266,0.64023
4.9367,21.646,0.73882
4.9367,22.025,0.5307
4.9367,22.405,0.6629
4.9367,22.785,0.66294
4.9367,23.165,0.66993
4.9367,23.544,0.66282
4.9367,23.924,0.78883
4.9367,24.304,0.78844
4.9367,24.684,0.63726
4.9367,25.063,0.71141
4.9367,25.443,0.88243
4.9367,25.823,0.65492
4.9367,26.203,0.57383
4.9367,26.582,0.71996
4.9367,26.962,0.47646
4.9367,27.342,0.44248
4.9367,27.722,0.16486
4.9367,28.101,0.36299
4.9367,28.481,0.15252
4.9367,28.861,0.083496
4.9367,29.241,0.070199
4.9367,29.62,-0.093972
4.9367,30,-0.035409
5.3165,0,-0.39628
5.3165,0.37975,-0.19153
5.3165,0.75949,-0.47891
5.3165,1.1392,-0.59239
5.3165,1.519,-0.72016
5.3165,1.8987,-0.881
5.3165,2.2785,-0.86976
5.3165,2.6582,-0.94071
5.3165,3.038,-0.96552
5.3165,3.4177,-1.1322
5.3165,3.7975,-1.2256
5.3165,4.1772,-1.3432
5.3165,4.557,-1.4797
5.3165,4.9367,-1.4607
5.3165,5.3165,-1.64
5.3165,5.6962,-1.5356
5.3165,6.0759,-1.6115
5.3165,6.4557,-1.4704
5.3165,6.8354,-1.4649
5.3165,7.2152,-1.1323
5.3165,7.5949,-1.1047
5.3165,7.9747,-0.81079
5.3165,8.3544,-0.58775
5.3165,8.7342,-0.44292
5.3165,9.1139,-0.3224
5.3165,9.4937,0.049086
5.3165,9.8734,0.33883
5.3165,10.253,0.195
5.3165,10.633,0.34255
5.3165,11.013,0.69829
5.3165,11.392,0.95301
5.3165,11.772,1.1616
5.3165,12.152,1.2141
5.3165,12.532,1.2535
5.3165,12.911,1.5601
5.3165,13.291,1.5944
5.3165,13.671,1.6123
5.3165,14.051,1.6931
5.3165,14.43,1.9022
5.3165,14.81,1.6918
5.3165,15.19,1.6738
5.3165,15.57,1.6821
5.3165,15.949,1.5933
5.3165,16.329,1.5406
5.3165,16.709,1.401
5.3165,17.089,1.273
5.3165,17.468,1.3183
5.3165,17.848,1.1951
5.3165,18.228,0.74354
5.3165,18.608,0.73517
5.3165,18.987,0.80766
5.3165,19.367,0.61341
5.3165,19.747,0.64971
5.3165,20.127,0.38573
5.3165,20.506,0.47113
5.3165,20.886,0.39246
5.3165,21.266,0.39269
5.3165,21.646,0.59794
5.3165,22.025,0.37818
5.3165,22.405,0.23191
5.3165,22.785,0.64937
5.3165,23.165,0.54273
5.3165,23.544,0.70625
5.3165,23.924,0.57289
5.3165,24.304,0.68139
5.3165,24.684,0.83391
5.3165,25.063,0.74044
5.3165,25.443,0.79857
5.3165,25.823,0.83935
5.3165,26.203,0.8966
5.3165,26.582,0.76102
5.3165,26.962,0.66508
5.3165,27.342,0.55865
5.3165,27.722,0.29208
5.3165,28.101,0.22903
5.3165,28.481,0.14583
5.3165,28.861,0.23937
5.3165,29.241,0.21669
5.3165,29.62,0.18858
5.3165,30,0.14032
5.6962,0,-0.41817
5.6962,0.37975,-0.3808
5.6962,0.75949,-0.62731
5.6962,1.1392,-0.7784
5.6962,1.519,-0.83577
5.6962,1.8987,-0.56934
5.6962,2.2785,-0.86324
5.6962,2.6582,-0.99013
5.6962,3.038,-0.96686
5.6962,3.4177,-1.0547
5.6962,3.7975,-1.1298
5.6962,4.1772,-1.2586
5.6962,4.557,-1.3247
5.6962,4.9367,-1.3058
5.6962,5.3165,-1.5549
5.6962,5.6962,-1.5793
5.6962,6.0759,-1.2913
5.6962,6.4557,-1.5028
5.6962,6.8354,-1.3366
5.6962,7.2152,-1.1107
5.6962,7.5949,-0.84029
5.6962,7.9747,-1.0385
5.6962,8.3544,-0.58531
5.6962,8.7342,-0.51239
5.6962,9.1139,-0.16799
5.6962,9.4937,0.19273
5.6962,9.8734,0.43851
5.6962,10.253,0.34982
5.6962,10.633,0.72227
5.6962,11.013,0.65955
5.6962,11.392,0.93603
5.6962,11.772,0.90685
5.6962,12.152,1.2404
5.6962,12.532,1.3143
5.6962,12.911,1.2919
5.6962,13.291,1.3865
5.6962,13.671,1.6692
5.6962,14.051,1.4134
5.6962,14.43,1.8269
5.6962,14.81,1.5749
5.6962,15.19,1.6166
5.6962,15.57,1.3015
5.6962,15.949,1.5035
5.6962,16.329,1.4113
5.6962,16.709,1.2493
5.6962,17.089,1.1911
5.6962,17.468,0.95884
5.6962,17.848,0.98401
5.6962,18.228,0.75597
5.6962,18.608,0.72625
5.6962,18.987,0.62207
5.6962,19.367,0.3051
5.6962,19.747,0.52253
5.6962,20.127,0.21342
5.6962,20.506,0.2476
5.6962,20.886,0.19971
5.6962,21.266,0.097285
5.6962,21.646,0.26813
5.6962,22.025,0.26592
5.6962,22.405,0.22591
5.6962,22.785,0.29957
5.6962,23.165,0.36031
5.6962,23.544,0.40023
5.6962,23.924,0.56511
5.6962,24.304,0.74151
5.6962,24.684,0.74029
5.6962,25.063,0.90409
5.6962,25.443,0.88061
5.6962,25.823,0.87839
5.6962,26.203,0.76755
5.6962,26.582,0.65825
5.6962,26.962,0.88139
5.6962,27.342,0.71534
5.6962,27.722,0.62895
5.6962,28.101,0.4845
5.6962,28.481,0.51814
5.6962,28.861,0.55599
5.6962,29.241,0.4399
5.6962,29.62,0.41066
5.6962,30,0.51404
6.0759,0,-0.42998
6.0759,0.37975,-0.52364
6.0759,0.75949,-0.60403
6.0759,1.1392,-0.68868
6.0759,1.519,-0.83195
6.0759,1.8987,-0.83325
6.0759,2.2785,-0.79044
6.0759,2.6582,-0.90391
6.0759,3.038,-0.79882
6.0759,3.4177,-0.88
6.0759,3.7975,-1.05
6.0759,4.1772,-1.1363
6.0759,4.557,-1.1854
6.0759,4.9367,-1.0181
6.0759,5.3165,-1.3747
6.0759,5.6962,-1.3374
6.0759,6.0759,-1.2016
6.0759,6.4557,-1.1974
6.0759,6.8354,-1.2839
6.0759,7.2152,-1.1956
6.0759,7.5949,-1.0595
6.0759,7.9747,-0.78042
6.0759,8.3544,-0.43635
6.0759,8.7342,-0.29966
6.0759,9.1139,-0.13629
6.0759,9.4937,-0.050874
6.0759,9.8734,0.014686
6.0759,10.253,0.38159
6.0759,10.633,0.76526
6.0759,11.013,0.8076
6.0759,11.392,0.89396
6.0759,11.772,0.8317
6.0759,12.152,1.1092
6.0759,12.532,1.3851
6.0759,12.911,1.2398
6.0759,13.291,1.2726
6.0759,13.671,1.2346
6.0759,14.051,1.4383
6.0759,14.43,1.4499
6.0759,14.81,1.2862
6.0759,15.19,1.3394
6.0759,15.57,1.3257
6.0759,15.949,1.1121
6.0759,16.329,1.0806
6.0759,16.709,0.81663
6.0759,17.089,0.81736
6.0759,17.468,0.82141
6.0759,17.848,0.72898
6.0759,18.228,0.60048
6.0759,18.608,0.48267
6.0759,18.987,0.25934
6.0759,19.367,0.33103
6.0759,19.747,-0.12011
6.0759,20.127,0.14764
6.0759,20.506,0.071425
6.0759,20.886,-0.029908
6.0759,21.266,-0.14317
6.0759,21.646,0.15602
6.0759,22.025,-0.17927
6.0759,22.405,0.036924
6.0759,22.785,0.2146
6.0759,23.165,0.2987
6.0759,23.544,0.2778
6.0759,23.924,0.24518
6.0759,24.304,0.62121
6.0759,24.684,0.72292
6.0759,25.063,0.82476
6.0759,25.443,0.73162
6.0759,25.823,0.70076
6.0759,26.203,0.66932
6.0759,26.582,0.78625
6.0759,26.962,0.85654
6.0759,27.342,0.68879
6.0759,27.722,0.75364
6.0759,28.101,0.74246
6.0759,28.481,0.66876
6.0759,28.861,0.69405
6.0759,29.241,0.65446
6.0759,29.62,0.72048
6.0759,30,0.80552
6.4557,0,-0.40217
6.4557,0.37975,-0.62478
6.4557,0.75949,-0.76956
6.4557,1.1392,-0.54481
6.4557,1.519,-0.65092
6.4557,1.8987,-0.69056
6.4557,2.2785,-0.71503
6.4557,2.6582,-0.96421
6.4557,3.038,-0.61221
6.4557,3.4177,-0.9418
6.4557,3.7975,-0.92641
6.4557,4.1772,-1.1098
6.4557,4.557,-1.1384
6.4557,4.9367,-1.2436
6.4557,5.3165,-1.2358
6.4557,5.6962,-1.3072
6.4557,6.0759,-1.1904
6.4557,6.4557,-1.1892
6.4557,6.8354,-1.0314
6.4557,7.2152,-1.0495
6.4557,7.5949,-0.81833
6.4557,7.9747,-0.80876
6.4557,8.3544,-0.67525
6.4557,8.7342,-0.40567
6.4557,9.1139,-0.30805
6.4557,9.4937,-0.13678
6.4557,9.8734,0.30533
6.4557,10.253,0.4641
6.4557,10.633,0.35606
6.4557,11.013,0.49419
6.4557,11.392,0.53885
6.4557,11.772,0.95898
6.4557,12.152,0.95568
6.4557,12.532,1.0134
6.4557,12.911,1.1521
6.4557,13.291,1.3957
6.4557,13.671,1.3342
6.4557,14.051,1.4505
6.4557,14.43,1.1676
6.4557,14.81,1.0885
6.4557,15.19,1.1644
6.4557,15.57,1.0105
6.4557,15.949,0.79476
6.4557,16.329,0.84874
6.4557,16.709,0.821
6.4557,17.089,0.67654
6.4557,17.468,0.62932
6.4557,17.848,0.62205
6.4557,18.228,0.38108
6.4557,18.608,0.26973
6.4557,18.987,-0.01837
6.4557,19.367,0.063276
6.4557,19.747,-0.16517
6.4557,20.127,-0.16258
6.4557,20.506,-0.14722
6.4557,20.886,-0.12953
6.4557,21.266,-0.37769
6.4557,21.646,-0.28909
6.4557,22.025,-0.1689
6.4557,22.405,-0.19838
6.4557,22.785,0.022531
6.4557,23.165,-0.028686
6.4557,23.544,0.2157
6.4557,23.924,0.49072
6.4557,24.304,0.43592
6.4557,24.684,0.56464
6.4557,25.063,0.80165
6.4557,25.443,0.65218
6.4557,25.823,0.80213
6.4557,26.203,0.91255
6.4557,26.582,0.88024
6.4557,26.962,1.0894
6.4557,27.342,0.97863
6.4557,27.722,1.276
6.4557,28.101,0.97247
6.4557,28.481,0.95959
6.4557,28.861,0.93933
6.4557,29.241,0.91539
6.4557,29.62,0.77986
6.4557,30,0.8599
6.8354,0,-0.35546
6.8354,0.37975,-0.54517
6.8354,0.75949,-0.46426
6.8354,1.1392,-0.72572
6.8354,1.519,-0.71312
6.8354,1.8987,-0.75043
6.8354,2.2785,-0.67498
6.8354,2.6582,-0.68769
6.8354,3.038,-0.74756
6.8354,3.4177,-0.78357
6.8354,3.7975,-0.63514
6.8354,4.1772,-0.68125
6.8354,4.557,-0.86451
6.8354,4.9367,-0.96692
6.8354,5.3165,-0.96101
6.8354,5.6962,-1.021
6.8354,6.0759,-1.1298
6.8354,6.4557,-0.95988
6.8354,6.8354,-0.98291
6.8354,7.2152,-0.98743
6.8354,7.5949,-0.87169
6.8354,7.9747,-0.50767
6.8354,8.3544,-0.54918
6.8354,8.7342,-0.22828
6.8354,9.1139,-0.15374
6.8354,9.4937,-0.070825
6.8354,9.8734,-0.028617
6.8354,10.253,0.31986
6.8354,10.633,0.41187
6.8354,11.013,0.68244
6.8354,11.392,0.6392
6.8354,11.772,0.88618
6.8354,12.152,0.98059
6.8354,12.532,0.9942
6.8354,12.911,1.0833
6.8354,13.291,1.0341
6.8354,13.671,1.0035
6.8354,14.051,1.0273
6.8354,14.43,1.1165
6.8354,14.81,0.97353
6.8354,15.19,0.83996
6.8354,15.57,0.70403
6.8354,15.949,0.81669
6.8354,16.329,0.79318
6.8354,16.709,0.5546
6.8354,17.089,0.43306
6.8354,17.468,0.23211
6.8354,17.848,0.28395
6.8354,18.228,0.27021
6.8354,18.608,0.10746
6.8354,18.987,0.081201
6.8354,19.367,-0.12152
6.8354,19.747,-0.21041
6.8354,20.127,-0.37216
6.8354,20.506,-0.40662
6.8354,20.886,-0.36276
6.8354,21.266,-0.47516
6.8354,21.646,-0.13789
6.8354,22.025,-0.44919
6.8354,22.405,-0.32193
6.8354,22.785,0.020664
6.8354,23.165,-0.060985
6.8354,23.544,0.18008
6.8354,23.924,0.13314
6.8354,24.304,0.31921
6.8354,24.684,0.47723
6.8354,25.063,0.56079
6.8354,25.443,0.85597
6.8354,25.823,0.9491
6.8354,26.203,0.78874
6.8354,26.582,1.0126
6.8354,26.962,0.80701
6.8354,27.342,1.3824
6.8354,27.722,1.0595
6.8354,28.101,0.90347
6.8354,28.481,1.1231
6.8354,28.861,0.9694
6.8354,29.241,0.97147
6.8354,29.62,1.0662
6.8354,30,0.81144
7.2152,0,-0.2839
7.2152,0.37975,-0.39403
7.2152,0.75949,-0.66629
7.2152,1.1392,-0.42351
7.2152,1.519,-0.6005
7.2152,1.8987,-0.62808
7.2152,2.2785,-0.55197
7.2152,2.6582,-0.46279
7.2152,3.038,-0.39634
7.2152,3.4177,-0.55251
7.2152,3.7975,-0.43361
7.2152,4.1772,-0.45989
7.2152,4.557,-0.84056
7.2152,4.9367,-0.67235
7.2152,5.3165,-1.0366
7.2152,5.6962,-0.66963
7.2152,6.0759,-1.0014
7.2152,6.4557,-0.96284
7.2152,6.8354,-0.8357
7.2152,7.2152,-0.8037
7.2152,7.5949,-0.6802
7.2152,7.9747,-0.4759
7.2152,8.3544,-0.17323
7.2152,8.7342,-0.29199
7.2152,9.1139,-0.12388
7.2152,9.4937,-0.031466
7.2152,9.8734,0.12469
7.2152,10.253,0.18176
7.2152,10.633,0.5026
7.2152,11.013,0.38539
7.2152,11.392,0.67913
7.2152,11.772,0.67281
7.2152,12.152,0.69822
7.2152,12.532,0.71881
7.2152,12.911,0.75147
7.2152,13.291,0.8859
7.2152,13.671,0.66752
7.2152,14.051,0.76047
7.2152,14.43,0.94617
7.2152,14.81,0.75045
7.2152,15.19,0.83278
7.2152,15.57,0.75481
7.2152,15.949,0.55484
7.2152,16.329,0.42251
7.2152,16.709,0.2381
7.2152,17.089,0.33967
7.2152,17.468,0.21516
7.2152,17.848,0.33139
7.2152,18.228,-0.12234
7.2152,18.608,-0.028791
7.2152,18.987,-0.15388
7.2152,19.367,-0.31828
7.2152,19.747,-0.21886
7.2152,20.127,-0.55683
7.2152,20.506,-0.31738
7.2152,20.886,-0.51293
7.2152,21.266,-0.44294
7.2152,21.646,-0.39714
7.2152,22.025,-0.48394
7.2152,22.405,-0.49463
7.2152,22.785,-0.21435
7.2152,23.165,-0.1227
7.2152,23.544,-0.13413
7.2152,23.924,0.11816
7.2152,24.304,0.2136
7.2152,24.684,0.2607
7.2152,25.063,0.46895
7.2152,25.443,0.74825
7.2152,25.823,0.76348
7.2152,26.203,0.74232
7.2152,26.582,0.90132
7.2152,26.962,1.0535
7.2152,27.342,1.0356
7.2152,27.722,1.0774
7.2152,28.101,1.0545
7.2152,28.481,1.0157
7.2152,28.861,1.2257
7.2152,29.241,1.1414
7.2152,29.62,0.99951
7.2152,30,0.98466
7.5949,0,-0.15554
7.5949,0.37975,-0.16428
7.5949,0.75949,-0.28903
7.5949,1.1392,-0.31576
7.5949,1.519,-0.3352
7.5949,1.8987,-0.3995
7.5949,2.2785,-0.15536
7.5949,2.6582,-0.31249
7.5949,3.038,-0.22834
7.5949,3.4177,-0.32771
7.5949,3.7975,-0.31033
7.5949,4.1772,-0.33005
7.5949,4.557,-0.44403
7.5949,4.9367,-0.50163
7.5949,5.3165,-0.44078
7.5949,5.6962,-0.59551
7.5949,6.0759,-0.72879
7.5949,6.4557,-0.80786
7.5949,6.8354,-0.78008
7.5949,7.2152,-0.76079
7.5949,7.5949,-0.72064
7.5949,7.9747,-0.70739
7.5949,8.3544,-0.65006
7.5949,8.7342,-0.15449
7.5949,9.1139,-0.27457
7.5949,9.4937,-0.075219
7.5949,9.8734,0.24109
7.5949,10.253,0.090759
7.5949,10.633,0.42904
7.5949,11.013,0.38221
7.5949,11.392,0.59816
7.5949,11.772,0.58526
7.5949,12.152,0.73155
7.5949,12.532,0.74517
7.5949,12.911,0.69401
7.5949,13.291,0.5522
7.5949,13.671,0.60152
7.5949,14.051,0.68141
7.5949,14.43,0.64951
7.5949,14.81,0.62356
7.5949,15.19,0.64906
7.5949,15.57,0.39726
7.5949,15.949,0.65874
7.5949,16.329,0.54556
7.5949,16.709,0.41171
7.5949,17.089,0.38384
7.5949,17.468,0.071999
7.5949,17.848,-0.09619
7.5949,18.228,-0.01273
7.5949,18.608,-0.085371
7.5949,18.987,-0.30689
7.5949,19.367,-0.32427
7.5949,19.747,-0.43802
7.5949,20.127,-0.59527
7.5949,20.506,-0.5069
7.5949,20.886,-0.56768
7.5949,21.266,-0.57922
7.5949,21.646,-0.415
7.5949,22.025,-0.55514
7.5949,22.405,-0.58503
7.5949,22.785,-0.46527
7.5949,23.165,-0.10546
7.5949,23.544,-0.29043
7.5949,23.924,-0.17846
7.5949,24.304,0.068289
7.5949,24.684,0.32773
7.5949,25.063,0.40949
7.5949,25.443,0.62034
7.5949,25.823,0.54397
7.5949,26.203,0.68381
7.5949,26.582,0.95375
7.5949,26.962,0.92302
7.5949,27.342,0.9885
7.5949,27.722,1.0954
7.5949,28.101,1.0711
7.5949,28.481,1.0901
7.5949,28.861,1.0888
7.5949,29.241,1.1898
7.5949,29.62,1.1659
7.5949,30,1.1848
7.9747,0,0.34591
7.9747,0.37975,0.20644
7.9747,0.75949,-0.014842
7.9747,1.1392,-0.10889
7.9747,1.519,-0.021856
7.9747,1.8987,-0.063239
7.9747,2.2785,-0.090776
7.9747,2.6582,0.0060432
7.9747,3.038,-0.15528
7.9747,3.4177,0.15454
7.9747,3.7975,0.10756
7.9747,4.1772,-0.094487
7.9747,4.557,-0.26642
7.9747,4.9367,-0.33136
7.9747,5.3165,-0.30994
7.9747,5.6962,-0.47759
7.9747,6.0759,-0.46911
7.9747,6.4557,-0.8054
7.9747,6.8354,-0.75944
7.9747,7.2152,-0.41095
7.9747,7.5949,-0.69795
7.9747,7.9747,-0.62592
7.9747,8.3544,-0.68886
7.9747,8.7342,-0.24181
7.9747,9.1139,-0.35799
7.9747,9.4937,0.017291
7.9747,9.8734,-0.011578
7.9747,10.253,0.015973
7.9747,10.633,0.1047
7.9747,11.013,0.14346
7.9747,11.392,0.39021
7.9747,11.772,0.28097
7.9747,12.152,0.3124
7.9747,12.532,0.21668
7.9747,12.911,0.2907
7.9747,13.291,0.42374
7.9747,13.671,0.45806
7.9747,14.051,0.37974
7.9747,14.43,0.41052
7.9747,14.81,0.38595
7.9747,15.19,0.48424
7.9747,15.57,0.53019
7.9747,15.949,0.14031
7.9747,16.329,0.27192
7.9747,16.709,0.034262
7.9747,17.089,0.15292
7.9747,17.468,0.040076
7.9747,17.848,-0.2809
7.9747,18.228,-0.22298
7.9747,18.608,-0.30715
7.9747,18.987,-0.2821
7.9747,19.367,-0.36934
7.9747,19.747,-0.69046
7.9747,20.127,-0.4568
7.9747,20.506,-0.78183
7.9747,20.886,-0.67179
7.9747,21.266,-0.66468
7.9747,21.646,-0.77665
7.9747,22.025,-0.78226
7.9747,22.405,-0.63921
7.9747,22.785,-0.57361
7.9747,23.165,-0.46026
7.9747,23.544,-0.40948
7.9747,23.924,-0.16414
7.9747,24.304,-0.22575
7.9747,24.684,0.10344
7.9747,25.063,0.54303
7.9747,25.443,0.46709
7.9747,25.823,0.64933
7.9747,26.203,0.46632
7.9747,26.582,0.8158
7.9747,26.962,0.82345
7.9747,27.342,1.0164
7.9747,27.722,1.0692
7.9747,28.101,1.0658
7.9747,28.481,1.0315
7.9747,28.861,0.9312
7.9747,29.241,1.1752
7.9747,29.62,1.0418
7.9747,30,1.1303
8.3544,0,0.37798
8.3544,0.37975,0.35537
8.3544,0.75949,0.31162
8.3544,1.1392,0.31129
8.3544,1.519,0.22484
8.3544,1.8987,0.17376
8.3544,2.2785,0.098387
8.3544,2.6582,0.22622
8.3544,3.038,0.1116
8.3544,3.4177,0.15045
8.3544,3.7975,0.089658
8.3544,4.1772,0.12227
8.3544,4.557,0.041096
8.3544,4.9367,-0.20277
8.3544,5.3165,-0.023824
8.3544,5.6962,-0.2503
8.3544,6.0759,-0.19184
8.3544,6.4557,-0.57681
8.3544,6.8354,-0.48809
8.3544,7.2152,-0.61632
8.3544,7.5949,-0.49044
8.3544,7.9747,-0.4871
8.3544,8.3544,-0.50144
8.3544,8.7342,-0.42596
8.3544,9.1139,-0.29826
8.3544,9.4937,-0.076742
8.3544,9.8734,-0.21028
8.3544,10.253,3.4702e-05
8.3544,10.633,0.1001
8.3544,11.013,0.2562
8.3544,11.392,0.16382
8.3544,11.772,0.11906
8.3544,12.152,0.1815
8.3544,12.532,0.0053821
8.3544,12.911,0.34717
8.3544,13.291,0.35509
8.3544,13.671,0.34167
8.3544,14.051,0.28215
8.3544,14.43,0.21522
8.3544,14.81,0.2836
8.3544,15.19,0.23013
8.3544,15.57,0.32767
8.3544,15.949,0.39525
8.3544,16.329,0.099311
8.3544,16.709,0.12042
8.3544,17.089,-0.038626
8.3544,17.468,-0.0068103
8.3544,17.848,-0.087085
8.3544,18.228,-0.33236
8.3544,18.608,-0.34628
8.3544,18.987,-0.40605
8.3544,19.367,-0.43568
8.3544,19.747,-0.54777
8.3544,20.127,-0.65844
8.3544,20.506,-0.81776
8.3544,20.886,-0.8283
8.3544,21.266,-0.82626
8.3544,21.646,-0.695
8.3544,22.025,-0.73494
8.3544,22.405,-0.76024
8.3544,22.785,-0.72148
8.3544,23.165,-0.66269
8.3544,23.544,-0.40357
8.3544,23.924,-0.32407
8.3544,24.304,-0.11693
8.3544,24.684,-0.067118
8.3544,25.063,0.080528
8.3544,25.443,0.27623
8.3544,25.823,0.50073
8.3544,26.203,0.40841
8.3544,26.582,0.72733
8.3544,26.962,0.86877
8.3544,27.342,0.91155
8.3544,27.722,1.25
8.3544,28.101,1.2845
8.3544,28.481,1.0648
8.3544,28.861,1.3255
8.3544,29.241,1.2064
8.3544,29.62,1.0812
8.3544,30,1.0642
8.7342,0,0.83815
8.7342,0.37975,0.50729
8.7342,0.75949,0.47286
8.7342,1.1392,0.44471
8.7342,1.519,0.56357
8.7342,1.8987,0.5275
8.7342,2.2785,0.48088
8.7342,2.6582,0.62317
8.7342,3.038,0.49703
8.7342,3.4177,0.44673
8.7342,3.7975,0.23698
8.7342,4.1772,0.18084
8.7342,4.557,0.19226
8.7342,4.9367,-0.060966
8.7342,5.3165,-0.012068
8.7342,5.6962,-0.24593
8.7342,6.0759,-0.16533
8.7342,6.4557,-0.51954
8.7342,6.8354,-0.50176
8.7342,7.2152,-0.40656
8.7342,7.5949,-0.41671
8.7342,7.9747,-0.44904
8.7342,8.3544,-0.48523
8.7342,8.7342,-0.52707
8.7342,9.1139,-0.36977
8.7342,9.4937,-0.29677
8.7342,9.8734,-0.16273
8.7342,10.253,-0.05189
8.7342,10.633,0.078599
8.7342,11.013,0.077595
8.7342,11.392,0.033167
8.7342,11.772,0.019111
8.7342,12.152,0.2477
8.7342,12.532,0.096312
8.7342,12.911,0.24636
8.7342,13.291,0.17572
8.7342,13.671,0.16138
8.7342,14.051,0.17885
8.7342,14.43,0.2139
8.7342,14.81,0.34389
8.7342,15.19,0.21115
8.7342,15.57,0.30037
8.7342,15.949,0.29819
8.7342,16.329,0.17258
8.7342,16.709,0.2018
8.7342,17.089,0.09433
8.7342,17.468,-0.027978
8.7342,17.848,0.055818
8.7342,18.228,-0.11541
8.7342,18.608,-0.50841
8.7342,18.987,-0.53048
8.7342,19.367,-0.50449
8.7342,19.747,-0.63776
8.7342,20.127,-0.75756
8.7342,20.506,-0.93659
8.7342,20.886,-0.85135
8.7342,21.266,-1.0221
8.7342,21.646,-0.90054
8.7342,22.025,-1.0188
8.7342,22.405,-0.86973
8.7342,22.785,-0.68539
8.7342,23.165,-0.63056
8.7342,23.544,-0.51613
8.7342,23.924,-0.36219
8.7342,24.304,-0.2345
8.7342,24.684,-0.041597
8.7342,25.063,0.0352
8.7342,25.443,0.31973
8.7342,25.823,0.55399
8.7342,26.203,0.64625
8.7342,26.582,0.73584
8.7342,26.962,0.82413
8.7342,27.342,0.88897
8.7342,27.722,0.91538
8.7342,28.101,1.213
8.7342,28.481,1.2243
8.7342,28.861,1.3715
8.7342,29.241,1.1954
8.7342,29.62,1.1379
8.7342,30,0.99794
9.1139,0,0.93731
9.1139,0.37975,0.96191
9.1139,0.75949,1.0134
9.1139,1.1392,0.87613
9.1139,1.519,0.72827
9.1139,1.8987,0.65253
9.1139,2.2785,0.69017
9.1139,2.6582,0.71395
9.1139,3.038,0.63963
9.1139,3.4177,0.59506
9.1139,3.7975,0.52275
9.1139,4.1772,0.36555
9.1139,4.557,0.33996
9.1139,4.9367,0.32102
9.1139,5.3165,-0.058392
9.1139,5.6962,-0.25925
9.1139,6.0759,-0.32426
9.1139,6.4557,-0.45444
9.1139,6.8354,-0.46581
9.1139,7.2152,-0.62045
9.1139,7.5949,-0.54508
9.1139,7.9747,-0.74462
9.1139,8.3544,-0.58741
9.1139,8.7342,-0.29834
9.1139,9.1139,-0.43552
9.1139,9.4937,-0.43964
9.1139,9.8734,-0.14326
9.1139,10.253,-0.048651
9.1139,10.633,-0.2156
9.1139,11.013,-0.071345
9.1139,11.392,-0.087155
9.1139,11.772,0.059587
9.1139,12.152,0.174
9.1139,12.532,0.12767
9.1139,12.911,0.1798
9.1139,13.291,0.11881
9.1139,13.671,0.084799
9.1139,14.051,0.18749
9.1139,14.43,0.20062
9.1139,14.81,0.33884
9.1139,15.19,0.18033
9.1139,15.57,0.053855
9.1139,15.949,0.10386
9.1139,16.329,0.20535
9.1139,16.709,0.12391
9.1139,17.089,0.16537
9.1139,17.468,0.074792
9.1139,17.848,-0.1474
9.1139,18.228,-0.21831
9.1139,18.608,-0.35316
9.1139,18.987,-0.46395
9.1139,19.367,-0.57461
9.1139,19.747,-0.71494
9.1139,20.127,-0.89874
9.1139,20.506,-0.82777
9.1139,20.886,-1.0438
9.1139,21.266,-1.0846
9.1139,21.646,-0.9627
9.1139,22.025,-1.0772
9.1139,22.405,-0.6833
9.1139,22.785,-0.95527
9.1139,23.165,-0.8161
9.1139,23.544,-0.45037
9.1139,23.924,-0.45684
9.1139,24.304,-0.16995
9.1139,24.684,-0.12898
9.1139,25.063,0.071942
9.1139,25.443,0.23705
9.1139,25.823,0.21767
9.1139,26.203,0.4012
9.1139,26.582,0.6272
9.1139,26.962,0.7852
9.1139,27.342,0.71548
9.1139,27.722,1.0168
9.1139,28.101,0.99295
9.1139,28.481,0.82471
9.1139,28.861,1.2314
9.1139,29.241,1.0624
9.1139,29.62,0.95456
9.1139,30,1.0425
9.4937,0,1.3013
9.4937,0.37975,1.104
9.4937,0.75949,0.99463
9.4937,1.1392,1.1237
9.4937,1.519,1.2241
9.4937,1.8987,1.0271
9.4937,2.2785,0.63948
9.4937,2.6582,0.90689
9.4937,3.038,0.821
9.4937,3.4177,0.70974
9.4937,3.7975,0.68731
9.4937,4.1772,0.49041
9.4937,4.557,0.41215
9.4937,4.9367,0.45024
9.4937,5.3165,0.10042
9.4937,5.6962,0.099126
9.4937,6.0759,-0.078645
9.4937,6.4557,-0.30277
9.4937,6.8354,-0.36866
9.4937,7.2152,-0.46717
9.4937,7.5949,-0.43349
9.4937,7.9747,-0.50891
9.4937,8.3544,-0.29867
9.4937,8.7342,-0.56377
9.4937,9.1139,-0.31197
9.4937,9.4937,-0.28926
9.4937,9.8734,-0.31996
9.4937,10.253,-0.054473
9.4937,10.633,-0.072024
9.4937,11.013,0.099164
9.4937,11.392,-0.043299
9.4937,11.772,-0.028761
9.4937,12.152,0.0063017
9.4937,12.532,-0.08559
9.4937,12.911,-0.052896
9.4937,13.291,0.0666
9.4937,13.671,0.24255
9.4937,14.051,0.24119
9.4937,14.43,0.2947
9.4937,14.81,0.24238
9.4937,15.19,0.16422
9.4937,15.57,0.15338
9.4937,15.949,0.25059
9.4937,16.329,0.20873
9.4937,16.709,0.3004
9.4937,17.089,0.087364
9.4937,17.468,-0.11072
9.4937,17.848,-0.20858
9.4937,18.228,-0.20337
9.4937,18.608,-0.42616
9.4937,18.987,-0.44502
9.4937,19.367,-0.43736
9.4937,19.747,-0.81306
9.4937,20.127,-0.69012
9.4937,20.506,-0.94564
9.4937,20.886,-1.0778
9.4937,21.266,-0.88145
9.4937,21.646,-1.0686
9.4937,22.025,-0.96027
9.4937,22.405,-1.1625
9.4937,22.785,-1.028
9.4937,23.165,-0.74183
9.4937,23.544,-0.80567
9.4937,23.924,-0.33046
9.4937,24.304,-0.32407
9.4937,24.684,-0.24227
9.4937,25.063,-0.049647
9.4937,25.443,0.24876
9.4937,25.823,0.35569
9.4937,26.203,0.49712
9.4937,26.582,0.53316
9.4937,26.962,0.84277
9.4937,27.342,0.94365
9.4937,27.722,1.1733
9.4937,28.101,1.063
9.4937,28.481,1.1377
9.4937,28.861,1.2068
9.4937,29.241,1.0852
9.4937,29.62,0.99927
9.4937,30,1.0005
9.8734,0,1.3965
9.8734,0.37975,1.4956
9.8734,0.75949,1.2346
9.8734,1.1392,1.1642
9.8734,1.519,1.1887
9.8734,1.8987,1.0619
9.8734,2.2785,0.93666
9.8734,2.6582,1.0141
9.8734,3.038,0.84872
9.8734,3.4177,0.90237
9.8734,3.7975,0.78398
9.8734,4.1772,0.64235
9.8734,4.557,0.33251
9.8734,4.9367,0.31831
9.8734,5.3165,0.22969
9.8734,5.6962,-0.015444
9.8734,6.0759,-0.22161
9.8734,6.4557,-0.30788
9.8734,6.8354,-0.53093
9.8734,7.2152,-0.63946
9.8734,7.5949,-0.63526
9.8734,7.9747,-0.46322
9.8734,8.3544,-0.33173
9.8734,8.7342,-0.43008
9.8734,9.1139,-0.43147
9.8734,9.4937,-0.29303
9.8734,9.8734,-0.2201
9.8734,10.253,-0.17966
9.8734,10.633,-0.073189
9.8734,11.013,-0.050195
9.8734,11.392,0.018818
9.8734,11.772,0.10211
9.8734,12.152,0.085644
9.8734,12.532,0.068753
9.8734,12.911,0.13295
9.8734,13.291,0.15978
9.8734,13.671,0.1271
9.8734,14.051,0.27415
9.8734,14.43,0.36947
9.8734,14.81,0.40588
9.8734,15.19,0.31592
9.8734,15.57,0.26509
9.8734,15.949,0.28747
9.8734,16.329,0.19916
9.8734,16.709,0.37002
9.8734,17.089,0.09885
9.8734,17.468,0.22264
9.8734,17.848,-0.063325
9.8734,18.228,-0.14029
9.8734,18.608,-0.53063
9.8734,18.987,-0.57476
9.8734,19.367,-0.6162
9.8734,19.747,-0.8829
9.8734,20.127,-0.85746
9.8734,20.506,-1.0128
9.8734,20.886,-1.0236
9.8734,21.266,-1.1372
9.8734,21.646,-1.1202
9.8734,22.025,-1.0648
9.8734,22.405,-0.93634
9.8734,22.785,-1.0084
9.8734,23.165,-0.88046
9.8734,23.544,-0.69873
9.8734,23.924,-0.67693
9.8734,24.304,-0.58786
9.8734,24.684,-0.23288
9.8734,25.063,-0.17965
9.8734,25.443,0.23878
9.8734,25.823,0.28035
9.8734,26.203,0.46705
9.8734,26.582,0.60384
9.8734,26.962,0.77263
9.8734,27.342,0.98246
9.8734,27.722,0.95572
9.8734,28.101,1.1132
9.8734,28.481,1.0052
9.8734,28.861,0.93202
9.8734,29.241,0.96542
9.8734,29.62,1.0479
9.8734,30,1.1444
10.253,0,1.4666
10.253,0.37975,1.6296
10.253,0.75949,1.3368
10.253,1.1392,1.3125
10.253,1.519,1.2752
10.253,1.8987,1.1218
10.253,2.2785,1.0633
10.253,2.6582,0.98662
10.253,3.038,0.86952
10.253,3.4177,0.73065
10.253,3.7975,0.57423
10.253,4.1772,0.51937
10.253,4.557,0.29282
10.253,4.9367,0.14342
10.253,5.3165,-0.00029521
10.253,5.6962,-0.27398
10.253,6.0759,-0.26641
10.253,6.4557,-0.47722
10.253,6.8354,-0.48485
10.253,7.2152,-0.42562
10.253,7.5949,-0.76175
10.253,7.9747,-0.55429
10.253,8.3544,-0.674
10.253,8.7342,-0.44465
10.253,9.1139,-0.47872
10.253,9.4937,-0.21528
10.253,9.8734,-0.34164
10.253,10.253,-0.20235
10.253,10.633,-0.17823
10.253,11.013,-0.079956
10.253,11.392,0.028652
10.253,11.772,-0.015127
10.253,12.152,0.25732
10.253,12.532,0.15198
10.253,12.911,0.16337
10.253,13.291,0.30489
10.253,13.671,0.3381
10.253,14.051,0.60709
10.253,14.43,0.49797
10.253,14.81,0.4602
10.253,15.19,0.55413
10.253,15.57,0.50178
10.253,15.949,0.48442
10.253,16.329,0.49554
10.253,16.709,0.25816
10.253,17.089,0.2549
10.253,17.468,0.10738
10.253,17.848,-0.072086
10.253,18.228,-0.43947
10.253,18.608,-0.40824
10.253,18.987,-0.56899
10.253,19.367,-0.7117
10.253,19.747,-0.9499
10.253,20.127,-0.72986
10.253,20.506,-0.97492
10.253,20.886,-1.1676
10.253,21.266,-1.1065
10.253,21.646,-1.2841
10.253,22.025,-1.2996
10.253,22.405,-1.1176
10.253,22.785,-1.1144
10.253,23.165,-1.0443
10.253,23.544,-0.84804
10.253,23.924,-0.60786
10.253,24.304,-0.49409
10.253,24.684,-0.33515
10.253,25.063,-0.24702
10.253,25.443,0.027795
10.253,25.823,0.21772
10.253,26.203,0.18767
10.253,26.582,0.63907
10.253,26.962,0.81476
10.253,27.342,0.85995
10.253,27.722,0.90854
10.253,28.101,1.0212
10.253,28.481,0.9906
10.253,28.861,1.3116
10.253,29.241,0.98015
10.253,29.62,0.95298
10.253,30,0.98176
10.633,0,1.5196
10.633,0.37975,1.7182
10.633,0.75949,1.4976
10.633,1.1392,1.4186
10.633,1.519,1.4603
10.633,1.8987,1.2099
10.633,2.2785,1.0484
10.633,2.6582,0.958
10.633,3.038,0.93843
10.633,3.4177,0.66262
10.633,3.7975,0.44619
10.633,4.1772,0.28446
10.633,4.557,0.030412
10.633,4.9367,-0.0017959
10.633,5.3165,-0.18863
10.633,5.6962,-0.39798
10.633,6.0759,-0.4101
10.633,6.4557,-0.48309
10.633,6.8354,-0.69672
10.633,7.2152,-0.61016
10.633,7.5949,-0.4926
10.633,7.9747,-0.68081
10.633,8.3544,-0.40201
10.633,8.7342,-0.42576
10.633,9.1139,-0.47059
10.633,9.4937,-0.33695
10.633,9.8734,-0.20754
10.633,10.253,-0.3152
10.633,10.633,0.10585
10.633,11.013,-0.082015
10.633,11.392,0.084217
10.633,11.772,0.19647
10.633,12.152,0.14108
10.633,12.532,0.41095
10.633,12.911,0.388
10.633,13.291,0.28851
10.633,13.671,0.479
10.633,14.051,0.58855
10.633,14.43,0.77737
10.633,14.81,0.75826
10.633,15.19,0.73232
10.633,15.57,0.78839
10.633,15.949,0.66249
10.633,16.329,0.51741
10.633,16.709,0.47731
10.633,17.089,0.28426
10.633,17.468,0.17559
10.633,17.848,-0.018683
10.633,18.228,-0.066521
10.633,18.608,-0.25588
10.633,18.987,-0.45245
10.633,19.367,-0.65898
10.633,19.747,-0.90154
10.633,20.127,-1.1823
10.633,20.506,-1.0486
10.633,20.886,-1.2305
10.633,21.266,-1.3942
10.633,21.646,-1.2671
10.633,22.025,-1.304
10.633,22.405,-1.4854
10.633,22.785,-1.2186
10.633,23.165,-0.91602
10.633,23.544,-0.9414
10.633,23.924,-0.73705
10.633,24.304,-0.60298
10.633,24.684,-0.54142
10.633,25.063,-0.29303
10.633,25.443,-0.065088
10.633,25.823,0.44221
10.633,26.203,0.48235
10.633,26.582,0.73731
10.633,26.962,0.68803
10.633,27.342,0.85242
10.633,27.722,0.88084
10.633,28.101,1.2637
10.633,28.481,1.1351
10.633,28.861,1.1376
10.633,29.241,0.92849
10.633,29.62,1.0596
10.633,30,0.84862
11.013,0,1.7273
11.013,0.37975,1.5677
11.013,0.75949,1.5933
11.013,1.1392,1.3317
11.013,1.519,1.441
11.013,1.8987,0.97003
11.013,2.2785,1.0443
11.013,2.6582,0.80005
11.013,3.038,0.58192
11.013,3.4177,0.37019
11.013,3.7975,0.27727
11.013,4.1772,0.23768
11.013,4.557,-0.093283
11.013,4.9367,-0.1263
11.013,5.3165,-0.29781
11.013,5.6962,-0.53031
11.013,6.0759,-0.6802
11.013,6.4557,-0.36816
11.013,6.8354,-0.70902
11.013,7.2152,-0.78574
11.013,7.5949,-0.58794
11.013,7.9747,-0.53219
11.013,8.3544,-0.80778
11.013,8.7342,-0.20062
11.013,9.1139,-0.43343
11.013,9.4937,-0.5344
11.013,9.8734,-0.45209
11.013,10.253,-0.11841
11.013,10.633,0.035439
11.013,11.013,0.063361
11.013,11.392,0.16228
11.013,11.772,0.32757
11.013,12.152,0.27142
11.013,12.532,0.4002
11.013,12.911,0.52049
11.013,13.291,0.53468
11.013,13.671,0.74978
11.013,14.051,0.69855
11.013,14.43,1.0475
11.013,14.81,0.8746
11.013,15.19,0.9624
11.013,15.57,0.67073
11.013,15.949,0.69477
11.013,16.329,0.58714
11.013,16.709,0.62937
11.013,17.089,0.43822
11.013,17.468,0.19067
11.013,17.848,0.013987
11.013,18.228,-0.16778
11.013,18.608,-0.42717
11.013,18.987,-0.48484
11.013,19.367,-0.88526
11.013,19.747,-0.88207
11.013,20.127,-1.045
11.013,20.506,-1.3382
11.013,20.886,-1.4338
11.013,21.266,-1.3574
11.013,21.646,-1.3777
11.013,22.025,-1.6584
11.013,22.405,-1.365
11.013,22.785,-1.2294
11.013,23.165,-0.99235
11.013,23.544,-1.0779
11.013,23.924,-0.75103
11.013,24.304,-0.63233
11.013,24.684,-0.19129
11.013,25.063,-0.31173
11.013,25.443,0.083873
11.013,25.823,0.34391
11.013,26.203,0.4834
11.013,26.582,0.59209
11.013,26.962,0.76214
11.013,27.342,1.206
11.013,27.722,0.94558
11.013,28.101,1.0472
11.013,28.481,1.202
11.013,28.861,1.1189
11.013,29.241,1.0516
11.013,29.62,1.006
11.013,30,0.9321
11.392,0,1.3831
11.392,0.37975,1.4116
11.392,0.75949,1.3127
11.392,1.1392,1.5171
11.392,1.519,1.3611
11.392,1.8987,1.0325
11.392,2.2785,0.81641
11.392,2.6582,0.55152
11.392,3.038,0.51597
11.392,3.4177,0.19591
11.392,3.7975,0.20226
11.392,4.1772,-0.16534
11.392,4.557,-0.25716
11.392,4.9367,-0.5692
11.392,5.3165,-0.44872
11.392,5.6962,-0.72594
11.392,6.0759,-0.89931
11.392,6.4557,-0.54927
11.392,6.8354,-0.76835
11.392,7.2152,-0.75345
11.392,7.5949,-0.84508
11.392,7.9747,-0.70241
11.392,8.3544,-0.70484
11.392,8.7342,-0.67146
11.392,9.1139,-0.44278
11.392,9.4937,-0.39644
11.392,9.8734,-0.31324
11.392,10.253,-0.24951
11.392,10.633,0.10638
11.392,11.013,0.28086
11.392,11.392,0.16653
11.392,11.772,0.29527
11.392,12.152,0.21424
11.392,12.532,0.48067
11.392,12.911,0.73034
11.392,13.291,0.72355
11.392,13.671,0.95998
11.392,14.051,1.0875
11.392,14.43,1.0633
11.392,14.81,0.92447
11.392,15.19,1.0664
11.392,15.57,1.0265
11.392,15.949,0.9745
11.392,16.329,0.77679
11.392,16.709,0.60757
11.392,17.089,0.34548
11.392,17.468,0.19393
11.392,17.848,-0.032451
11.392,18.228,-0.11131
11.392,18.608,-0.435
11.392,18.987,-0.54621
11.392,19.367,-0.98333
11.392,19.747,-1.0475
11.392,20.127,-1.1726
11.392,20.506,-1.3369
11.392,20.886,-1.4275
11.392,21.266,-1.6633
11.392,21.646,-1.6946
11.392,22.025,-1.6522
11.392,22.405,-1.4121
11.392,22.785,-1.5083
11.392,23.165,-1.1752
11.392,23.544,-1.1173
11.392,23.924,-0.98972
11.392,24.304,-0.71205
11.392,24.684,-0.62684
11.392,25.063,-0.37097
11.392,25.443,0.061757
11.392,25.823,0.14306
11.392,26.203,0.47542
11.392,26.582,0.47686
11.392,26.962,0.86538
11.392,27.342,0.92057
11.392,27.722,1.1929
11.392,28.101,1.1006
11.392,28.481,1.3743
11.392,28.861,1.146
11.392,29.241,1.1368
11.392,29.62,1.067
11.392,30,0.99537
11.772,0,1.5466
11.772,0.37975,1.1895
11.772,0.75949,1.2305
11.772,1.1392,1.1089
11.772,1.519,1.2384
11.772,1.8987,0.99075
11.772,2.2785,0.51153
11.772,2.6582,0.4504
11.772,3.038,0.27356
11.772,3.4177,0.023165
11.772,3.7975,-0.20475
11.772,4.1772,-0.2373
11.772,4.557,-0.45642
11.772,4.9367,-0.69872
11.772,5.3165,-0.82726
11.772,5.6962,-0.68956
11.772,6.0759,-0.84716
11.772,6.4557,-1.0295
11.772,6.8354,-0.80571
11.772,7.2152,-0.98019
11.772,7.5949,-0.72894
11.772,7.9747,-0.76873
11.772,8.3544,-0.71949
11.772,8.7342,-0.64378
11.772,9.1139,-0.37475
11.772,9.4937,-0.39644
11.772,9.8734,-0.39035
11.772,10.253,-0.2341
11.772,10.633,-0.015808
11.772,11.013,-0.13617
11.772,11.392,0.17228
11.772,11.772,0.48024
11.772,12.152,0.28693
11.772,12.532,0.58839
11.772,12.911,0.7682
11.772,13.291,1.2187
11.772,13.671,0.98355
11.772,14.051,1.3128
11.772,14.43,1.2082
11.772,14.81,1.2923
11.772,15.19,1.2441
11.772,15.57,1.0596
11.772,15.949,0.89787
11.772,16.329,0.71058
11.772,16.709,0.79961
11.772,17.089,0.48751
11.772,17.468,0.2715
11.772,17.848,0.049512
11.772,18.228,-0.39484
11.772,18.608,-0.40168
11.772,18.987,-0.60158
11.772,19.367,-1.0637
11.772,19.747,-1.2117
11.772,20.127,-1.2268
11.772,20.506,-1.3461
11.772,20.886,-1.7182
11.772,21.266,-1.5223
11.772,21.646,-1.513
11.772,22.025,-1.6096
11.772,22.405,-1.5202
11.772,22.785,-1.3971
11.772,23.165,-1.4133
11.772,23.544,-1.4022
11.772,23.924,-1.1462
11.772,24.304,-0.83411
11.772,24.684,-0.604
11.772,25.063,-0.39955
11.772,25.443,-0.19673
11.772,25.823,0.26376
11.772,26.203,0.26639
11.772,26.582,0.62412
11.772,26.962,0.72294
11.772,27.342,0.99907
11.772,27.722,1.0194
11.772,28.101,1.1885
11.772,28.481,1.3498
11.772,28.861,1.0322
11.772,29.241,1.1855
11.772,29.62,1.1969
11.772,30,1.0994
12.152,0,1.1704
12.152,0.37975,1.2192
12.152,0.75949,1.0709
12.152,1.1392,0.95272
12.152,1.519,0.79856
12.152,1.8987,0.69055
12.152,2.2785,0.4755
12.152,2.6582,0.032516
12.152,3.038,-0.036183
12.152,3.4177,-0.32481
12.152,3.7975,-0.29711
12.152,4.1772,-0.60441
12.152,4.557,-0.67817
12.152,4.9367,-0.85565
12.152,5.3165,-0.7153
12.152,5.6962,-0.94087
12.152,6.0759,-1.1279
12.152,6.4557,-1.1946
12.152,6.8354,-0.99546
12.152,7.2152,-0.84619
12.152,7.5949,-0.95239
12.152,7.9747,-0.73542
12.152,8.3544,-0.75576
12.152,8.7342,-0.84893
12.152,9.1139,-0.67682
12.152,9.4937,-0.48672
12.152,9.8734,-0.44059
12.152,10.253,-0.21747
12.152,10.633,-0.11444
12.152,11.013,-0.0081977
12.152,11.392,0.38465
12.152,11.772,0.34103
12.152,12.152,0.70883
12.152,12.532,0.58532
12.152,12.911,1.1415
12.152,13.291,1.1009
12.152,13.671,1.1443
12.152,14.051,1.3359
12.152,14.43,1.4274
12.152,14.81,1.4496
12.152,15.19,1.3996
12.152,15.57,1.3207
12.152,15.949,1.1131
12.152,16.329,0.92564
12.152,16.709,0.90431
12.152,17.089,0.82627
12.152,17.468,0.31438
12.152,17.848,0.039559
12.152,18.228,-0.34991
12.152,18.608,-0.49531
12.152,18.987,-0.74776
12.152,19.367,-1.096
12.152,19.747,-1.1676
12.152,20.127,-1.467
12.152,20.506,-1.7372
12.152,20.886,-1.5331
12.152,21.266,-1.6228
12.152,21.646,-1.8
12.152,22.025,-1.4725
12.152,22.405,-1.7481
12.152,22.785,-1.5864
12.152,23.165,-1.3704
12.152,23.544,-1.1412
12.152,23.924,-1.0555
12.152,24.304,-0.90022
12.152,24.684,-0.85587
12.152,25.063,-0.44553
12.152,25.443,-0.14086
12.152,25.823,-0.2876
12.152,26.203,0.30674
12.152,26.582,0.52354
12.152,26.962,0.69752
12.152,27.342,0.97388
12.152,27.722,0.93901
12.152,28.101,1.0666
12.152,28.481,1.1641
12.152,28.861,1.2478
12.152,29.241,1.357
12.152,29.62,1.141
12.152,30,1.1467
12.532,0,1.1491
12.532,0.37975,0.96073
12.532,0.75949,0.96825
12.532,1.1392,0.59731
12.532,1.519,0.57273
12.532,1.8987,0.45939
12.532,2.2785,0.15405
12.532,2.6582,-0.25661
12.532,3.038,-0.37852
12.532,3.4177,-0.32704
12.532,3.7975,-0.77884
12.532,4.1772,-0.93753
12.532,4.557,-1.0576
12.532,4.9367,-1.0555
12.532,5.3165,-1.2495
12.532,5.6962,-1.284
12.532,6.0759,-0.99292
12.532,6.4557,-1.1617
12.532,6.8354,-1.2523
12.532,7.2152,-1.1978
12.532,7.5949,-1.0212
12.532,7.9747,-0.9049
12.532,8.3544,-0.88735
12.532,8.7342,-0.93607
12.532,9.1139,-0.77274
12.532,9.4937,-0.51431
12.532,9.8734,-0.33234
12.532,10.253,-0.26328
12.532,10.633,-0.32598
12.532,11.013,0.2216
12.532,11.392,0.24711
12.532,11.772,0.46785
12.532,12.152,0.52451
12.532,12.532,0.77444
12.532,12.911,0.80588
12.532,13.291,1.1835
12.532,13.671,1.3517
12.532,14.051,1.4369
12.532,14.43,1.4836
12.532,14.81,1.4994
12.532,15.19,1.5515
12.532,15.57,1.4031
12.532,15.949,1.3809
12.532,16.329,0.98724
12.532,16.709,0.94944
12.532,17.089,0.72148
12.532,17.468,0.3343
12.532,17.848,-0.0077082
12.532,18.228,-0.26253
12.532,18.608,-0.47888
12.532,18.987,-0.85344
12.532,19.367,-0.9345
12.532,19.747,-1.4864
12.532,20.127,-1.4975
12.532,20.506,-1.5951
12.532,20.886,-1.5467
12.532,21.266,-1.8177
12.532,21.646,-1.8571
12.532,22.025,-1.7616
12.532,22.405,-1.8555
12.532,22.785,-1.6346
12.532,23.165,-1.4869
12.532,23.544,-1.5531
12.532,23.924,-1.373
12.532,24.304,-0.98643
12.532,24.684,-0.82519
12.532,25.063,-0.5686
12.532,25.443,-0.42054
12.532,25.823,-0.066651
12.532,26.203,0.072801
12.532,26.582,0.27131
12.532,26.962,0.64683
12.532,27.342,0.82141
12.532,27.722,1.0449
12.532,28.101,1.2319
12.532,28.481,1.0926
12.532,28.861,1.2885
12.532,29.241,1.1746
12.532,29.62,1.4048
12.532,30,1.1038
12.911,0,0.98363
12.911,0.37975,0.98635
12.911,0.75949,0.65751
12.911,1.1392,0.77837
12.911,1.519,0.60381
12.911,1.8987,0.17877
12.911,2.2785,-0.037798
12.911,2.6582,-0.19947
12.911,3.038,-0.45575
12.911,3.4177,-0.79345
12.911,3.7975,-0.89233
12.911,4.1772,-1.2255
12.911,4.557,-1.2075
12.911,4.9367,-1.1097
12.911,5.3165,-1.166
12.911,5.6962,-1.4303
12.911,6.0759,-1.4934
12.911,6.4557,-1.2461
12.911,6.8354,-1.1533
12.911,7.2152,-1.4167
12.911,7.5949,-1.1246
12.911,7.9747,-1.1942
12.911,8.3544,-1.0328
12.911,8.7342,-0.95578
12.911,9.1139,-0.68316
12.911,9.4937,-0.83687
12.911,9.8734,-0.51173
12.911,10.253,-0.40639
12.911,10.633,-0.35971
12.911,11.013,-0.15667
12.911,11.392,0.033205
12.911,11.772,0.39318
12.911,12.152,0.62871
12.911,12.532,0.78347
12.911,12.911,1.0257
12.911,13.291,1.2089
12.911,13.671,1.4786
12.911,14.051,1.3689
12.911,14.43,1.5012
12.911,14.81,1.6934
12.911,15.19,1.7183
12.911,15.57,1.5689
12.911,15.949,1.4482
12.911,16.329,1.1381
12.911,16.709,0.8845
12.911,17.089,0.65187
12.911,17.468,0.38376
12.911,17.848,0.22878
12.911,18.228,-0.31256
12.911,18.608,-0.65542
12.911,18.987,-1.1206
12.911,19.367,-1.2625
12.911,19.747,-1.5049
12.911,20.127,-1.5433
12.911,20.506,-1.8714
12.911,20.886,-1.7107
12.911,21.266,-2.058
12.911,21.646,-2.0576
12.911,22.025,-1.8984
12.911,22.405,-1.7685
12.911,22.785,-1.8391
12.911,23.165,-1.6265
12.911,23.544,-1.3923
12.911,23.924,-1.3405
12.911,24.304,-1.1014
12.911,24.684,-0.9778
12.911,25.063,-0.67669
12.911,25.443,-0.67081
12.911,25.823,-0.29235
12.911,26.203,-0.0031999
12.911,26.582,0.34855
12.911,26.962,0.57899
12.911,27.342,0.69902
12.911,27.722,0.93484
12.911,28.101,1.1422
12.911,28.481,1.1272
12.911,28.861,1.178
12.911,29.241,1.1548
12.911,29.62,1.2882
12.911,30,1.3457
13.291,0,0.66175
13.291,0.37975,0.50874
13.291,0.75949,0.69669
13.291,1.1392,0.32263
13.291,1.519,0.2905
13.291,1.8987,-0.14486
13.291,2.2785,-2.577e-05
13.291,2.6582,-0.54017
13.291,3.038,-0.68859
13.291,3.4177,-0.96984
13.291,3.7975,-1.1379
13.291,4.1772,-1.2451
13.291,4.557,-1.5363
13.291,4.9367,-1.6397
13.291,5.3165,-1.5831
13.291,5.6962,-1.6464
13.291,6.0759,-1.3721
13.291,6.4557,-1.528
13.291,6.8354,-1.4591
13.291,7.2152,-1.0367
13.291,7.5949,-1.2292
13.291,7.9747,-1.162
13.291,8.3544,-0.86392
13.291,8.7342,-0.88107
13.291,9.1139,-0.9875
13.291,9.4937,-0.62852
13.291,9.8734,-0.70018
13.291,10.253,-0.63153
13.291,10.633,-0.19347
13.291,11.013,-0.24381
13.291,11.392,0.084332
13.291,11.772,0.08766
13.291,12.152,0.45814
13.291,12.532,0.64683
13.291,12.911,0.87406
13.291,13.291,1.0598
13.291,13.671,1.3614
13.291,14.051,1.5462
13.291,14.43,1.7546
13.291,14.81,1.7417
13.291,15.19,1.4949
13.291,15.57,1.4245
13.291,15.949,1.5295
13.291,16.329,1.032
13.291,16.709,0.83297
13.291,17.089,0.65077
13.291,17.468,0.2838
13.291,17.848,-0.082505
13.291,18.228,-0.4296
13.291,18.608,-0.62077
13.291,18.987,-0.96401
13.291,19.367,-1.1694
13.291,19.747,-1.3699
13.291,20.127,-1.5293
13.291,20.506,-1.7879
13.291,20.886,-1.8434
13.291,21.266,-2.0752
13.291,21.646,-2.1027
13.291,22.025,-1.8451
13.291,22.405,-1.6696
13.291,22.785,-1.8906
13.291,23.165,-1.8405
13.291,23.544,-1.5476
13.291,23.924,-1.3992
13.291,24.304,-1.3667
13.291,24.684,-1.1768
13.291,25.063,-0.95779
13.291,25.443,-0.62959
13.291,25.823,-0.36185
13.291,26.203,-0.11101
13.291,26.582,-0.0076267
13.291,26.962,0.41498
13.291,27.342,0.64423
13.291,27.722,0.87083
13.291,28.101,1.0757
13.291,28.481,1.1502
13.291,28.861,1.1168
13.291,29.241,1.21
13.291,29.62,1.295
13.291,30,1.2606
13.671,0,0.43293
13.671,0.37975,0.44965
13.671,0.75949,0.35313
13.671,1.1392,0.21953
13.671,1.519,-0.086578
13.671,1.8987,-0.054388
13.671,2.2785,-0.371
13.671,2.6582,-0.46797
13.671,3.038,-0.88894
13.671,3.4177,-1.0471
13.671,3.7975,-1.4333
13.671,4.1772,-1.2948
13.671,4.557,-1.6642
13.671,4.9367,-1.7013
13.671,5.3165,-1.6827
13.671,5.6962,-1.7135
13.671,6.0759,-1.4882
13.671,6.4557,-1.519
13.671,6.8354,-1.5059
13.671,7.2152,-1.2235
13.671,7.5949,-1.1155
13.671,7.9747,-1.1079
13.671,8.3544,-1.1055
13.671,8.7342,-1.0919
13.671,9.1139,-0.9078
13.671,9.4937,-0.91508
13.671,9.8734,-0.79596
13.671,10.253,-0.62779
13.671,10.633,-0.5688
13.671,11.013,-0.19677
13.671,11.392,-0.22181
13.671,11.772,-0.00083575
13.671,12.152,0.26643
13.671,12.532,0.57158
13.671,12.911,0.88162
13.671,13.291,1.0229
13.671,13.671,1.2681
13.671,14.051,1.5273
13.671,14.43,1.4443
13.671,14.81,1.6478
13.671,15.19,1.4885
13.671,15.57,1.4232
13.671,15.949,1.3098
13.671,16.329,1.0089
13.671,16.709,0.69421
13.671,17.089,0.48577
13.671,17.468,0.25894
13.671,17.848,-0.015312
13.671,18.228,-0.5898
13.671,18.608,-0.78976
13.671,18.987,-0.94637
13.671,19.367,-1.3246
13.671,19.747,-1.6506
13.671,20.127,-1.7831
13.671,20.506,-1.9054
13.671,20.886,-2.0707
13.671,21.266,-2.18
13.671,21.646,-2.1881
13.671,22.025,-2.1292
13.671,22.405,-1.9478
13.671,22.785,-1.8862
13.671,23.165,-1.9606
13.671,23.544,-1.7793
13.671,23.924,-1.87
13.671,24.304,-1.3864
13.671,24.684,-1.347
13.671,25.063,-1.1215
13.671,25.443,-0.96476
13.671,25.823,-0.72656
13.671,26.203,-0.38242
13.671,26.582,-0.073007
13.671,26.962,0.25411
13.671,27.342,0.5504
13.671,27.722,0.90806
13.671,28.101,0.86966
13.671,28.481,1.2601
13.671,28.861,1.0034
13.671,29.241,1.2077
13.671,29.62,1.2348
13.671,30,1.0031
14.051,0,0.20565
14.051,0.37975,0.27972
14.051,0.75949,0.15307
14.051,1.1392,-0.024707
14.051,1.519,0.02148
14.051,1.8987,-0.31477
14.051,2.2785,-0.22198
14.051,2.6582,-0.62131
14.051,3.038,-1.0396
14.051,3.4177,-1.2518
14.051,3.7975,-1.4383
14.051,4.1772,-1.5094
14.051,4.557,-1.6773
14.051,4.9367,-1.7334
14.051,5.3165,-1.7133
14.051,5.6962,-1.6108
14.051,6.0759,-1.5978
14.051,6.4557,-1.5906
14.051,6.8354,-1.508
14.051,7.2152,-1.2515
14.051,7.5949,-1.2446
14.051,7.9747,-1.3035
14.051,8.3544,-1.1132
14.051,8.7342,-1.0113
14.051,9.1139,-1.122
14.051,9.4937,-0.88387
14.051,9.8734,-0.81675
14.051,10.253,-0.8753
14.051,10.633,-0.81632
14.051,11.013,-0.32589
14.051,11.392,-0.23809
14.051,11.772,0.036296
14.051,12.152,-0.084299
14.051,12.532,0.49115
14.051,12.911,0.74052
14.051,13.291,0.89822
14.051,13.671,0.98252
14.051,14.051,1.4531
14.051,14.43,1.4345
14.051,14.81,1.4695
14.051,15.19,1.4787
14.051,15.57,1.1667
14.051,15.949,1.1915
14.051,16.329,0.91357
14.051,16.709,0.60403
14.051,17.089,0.71854
14.051,17.468,0.23498
14.051,17.848,-0.187
14.051,18.228,-0.45343
14.051,18.608,-0.85115
14.051,18.987,-1.0994
14.051,19.367,-1.4009
14.051,19.747,-1.6544
14.051,20.127,-1.8072
14.051,20.506,-1.8125
14.051,20.886,-1.9687
14.051,21.266,-2.2353
14.051,21.646,-2.1448
14.051,22.025,-2.1341
14.051,22.405,-2.1457
14.051,22.785,-2.0153
14.051,23.165,-2.0416
14.051,23.544,-1.8101
14.051,23.924,-1.7504
14.051,24.304,-1.6316
14.051,24.684,-1.4258
14.051,25.063,-1.3244
14.051,25.443,-0.93837
14.051,25.823,-0.87575
14.051,26.203,-0.78072
14.051,26.582,-0.29126
14.051,26.962,0.079574
14.051,27.342,0.44301
14.051,27.722,0.69968
14.051,28.101,0.78481
14.051,28.481,0.75757
14.051,28.861,1.113
14.051,29.241,1.0894
14.051,29.62,1.3487
14.051,30,1.1601
14.43,0,-0.052758
14.43,0.37975,0.21563
14.43,0.75949,0.058573
14.43,1.1392,0.14
14.43,1.519,-0.14728
14.43,1.8987,-0.35587
14.43,2.2785,-0.56766
14.43,2.6582,-0.99026
14.43,3.038,-1.0499
14.43,3.4177,-1.3113
14.43,3.7975,-1.4899
14.43,4.1772,-1.6275
14.43,4.557,-1.6256
14.43,4.9367,-1.7261
14.43,5.3165,-1.7607
14.43,5.6962,-1.6846
14.43,6.0759,-1.8249
14.43,6.4557,-1.7444
14.43,6.8354,-1.4302
14.43,7.2152,-1.3881
14.43,7.5949,-1.4398
14.43,7.9747,-1.2441
14.43,8.3544,-1.1573
14.43,8.7342,-1.3386
14.43,9.1139,-1.2366
14.43,9.4937,-0.84742
14.43,9.8734,-1.0357
14.43,10.253,-0.99989
14.43,10.633,-0.79221
14.43,11.013,-0.66185
14.43,11.392,-0.3934
14.43,11.772,-0.29188
14.43,12.152,0.076842
14.43,12.532,0.3754
14.43,12.911,0.35161
14.43,13.291,0.7228
14.43,13.671,1.1202
14.43,14.051,1.2027
14.43,14.43,1.3064
14.43,14.81,1.2816
14.43,15.19,1.2567
14.43,15.57,1.1789
14.43,15.949,0.90996
14.43,16.329,0.65077
14.43,16.709,0.60714
14.43,17.089,0.42468
14.43,17.468,0.085327
14.43,17.848,-0.30857
14.43,18.228,-0.61489
14.43,18.608,-0.93087
14.43,18.987,-1.2672
14.43,19.367,-1.3707
14.43,19.747,-1.6948
14.43,20.127,-1.7941
14.43,20.506,-2.0531
14.43,20.886,-2.0086
14.43,21.266,-2.1826
14.43,21.646,-1.9184
14.43,22.025,-2.1481
14.43,22.405,-2.3379
14.43,22.785,-2.1673
14.43,23.165,-1.9698
14.43,23.544,-2.1421
14.43,23.924,-1.9376
14.43,24.304,-1.838
14.43,24.684,-1.8263
14.43,25.063,-1.6112
14.43,25.443,-1.4323
14.43,25.823,-1.1442
14.43,26.203,-0.87428
14.43,26.582,-0.51606
14.43,26.962,-0.11752
14.43,27.342,-0.036548
14.43,27.722,0.26956
14.43,28.101,0.64965
14.43,28.481,0.77199
14.43,28.861,1.0503
14.43,29.241,1.193
14.43,29.62,1.1924
14.43,30,1.109
14.81,0,0.065489
14.81,0.37975,-0.011877
14.81,0.75949,0.056361
14.81,1.1392,-0.16924
14.81,1.519,-0.023981
14.81,1.8987,-0.4133
14.81,2.2785,-0.70621
14.81,2.6582,-0.81393
14.81,3.038,-0.96862
14.81,3.4177,-1.5114
14.81,3.7975,-1.429
14.81,4.1772,-1.7694
14.81,4.557,-1.7641
14.81,4.9367,-1.8747
14.81,5.3165,-1.9318
14.81,5.6962,-1.856
14.81,6.0759,-1.718
14.81,6.4557,-1.4467
14.81,6.8354,-1.4061
14.81,7.2152,-1.3055
14.81,7.5949,-1.291
14.81,7.9747,-1.2054
14.81,8.3544,-1.2303
14.81,8.7342,-1.1953
14.81,9.1139,-1.2959
14.81,9.4937,-1.2827
14.81,9.8734,-1.1678
14.81,10.253,-0.90103
14.81,10.633,-0.78164
14.81,11.013,-0.79887
14.81,11.392,-0.43467
14.81,11.772,-0.41941
14.81,12.152,-0.10274
14.81,12.532,0.23459
14.81,12.911,0.36374
14.81,13.291,0.5587
14.81,13.671,0.92942
14.81,14.051,1.081
14.81,14.43,1.0964
14.81,14.81,1.226
14.81,15.19,1.1354
14.81,15.57,1.0344
14.81,15.949,0.95957
14.81,16.329,0.80565
14.81,16.709,0.39736
14.81,17.089,0.38983
14.81,17.468,-0.17087
14.81,17.848,-0.39868
14.81,18.228,-0.57322
14.81,18.608,-0.90325
14.81,18.987,-1.1434
14.81,19.367,-1.5267
14.81,19.747,-1.4914
14.81,20.127,-1.6365
14.81,20.506,-1.9557
14.81,20.886,-2.353
14.81,21.266,-2.1956
14.81,21.646,-2.1988
14.81,22.025,-2.2907
14.81,22.405,-2.2473
14.81,22.785,-2.3569
14.81,23.165,-2.1726
14.81,23.544,-2.2744
14.81,23.924,-2.2911
14.81,24.304,-1.9364
14.81,24.684,-1.7318
14.81,25.063,-1.5352
14.81,25.443,-1.3788
14.81,25.823,-1.1708
14.81,26.203,-1.0793
14.81,26.582,-0.67089
14.81,26.962,-0.42081
14.81,27.342,-0.16998
14.81,27.722,0.23778
14.81,28.101,0.29041
14.81,28.481,0.68976
14.81,28.861,0.76984
14.81,29.241,1.0477
14.81,29.62,0.91725
14.81,30,1.0656
15.19,0,0.030937
15.19,0.37975,-0.039962
15.19,0.75949,-0.086874
15.19,1.1392,-0.13117
15.19,1.519,-0.041956
15.19,1.8987,-0.30454
15.19,2.2785,-0.59763
15.19,2.6582,-0.90019
15.19,3.038,-1.2071
15.19,3.4177,-1.3072
15.19,3.7975,-1.5681
15.19,4.1772,-1.6033
15.19,4.557,-2.0208
15.19,4.9367,-1.7627
15.19,5.3165,-1.7585
15.19,5.6962,-1.7816
15.19,6.0759,-1.6503
15.19,6.4557,-1.5197
15.19,6.8354,-1.3403
15.19,7.2152,-1.4678
15.19,7.5949,-1.2365
15.19,7.9747,-1.3099
15.19,8.3544,-1.238
15.19,8.7342,-1.2948
15.19,9.1139,-1.2629
15.19,9.4937,-1.0153
15.19,9.8734,-1.0948
15.19,10.253,-1.0311
15.19,10.633,-0.99624
15.19,11.013,-0.67824
15.19,11.392,-0.56607
15.19,11.772,-0.44926
15.19,12.152,-0.19866
15.19,12.532,0.082745
15.19,12.911,0.26973
15.19,13.291,0.50573
15.19,13.671,0.6571
15.19,14.051,0.89893
15.19,14.43,1.0005
15.19,14.81,0.69736
15.19,15.19,1.0577
15.19,15.57,0.99748
15.19,15.949,0.62193
15.19,16.329,0.69146
15.19,16.709,0.54298
15.19,17.089,0.23557
15.19,17.468,-0.12862
15.19,17.848,-0.3347
15.19,18.228,-0.75293
15.19,18.608,-0.89373
15.19,18.987,-1.1643
15.19,19.367,-1.5146
15.19,19.747,-1.7186
15.19,20.127,-1.7291
15.19,20.506,-1.8904
15.19,20.886,-2.0146
15.19,21.266,-2.225
15.19,21.646,-2.2179
15.19,22.025,-2.2859
15.19,22.405,-2.4195
15.19,22.785,-2.3896
15.19,23.165,-2.4838
15.19,23.544,-2.3132
15.19,23.924,-2.0908
15.19,24.304,-2.0874
15.19,24.684,-2.0217
15.19,25.063,-1.9428
15.19,25.443,-1.6018
15.19,25.823,-1.4643
15.19,26.203,-1.106
15.19,26.582,-0.91721
15.19,26.962,-0.74533
15.19,27.342,-0.44444
15.19,27.722,-0.07726
15.19,28.101,0.36585
15.19,28.481,0.44223
15.19,28.861,0.73786
15.19,29.241,0.62406
15.19,29.62,0.89567
15.19,30,0.99423
15.57,0,0.058513
15.57,0.37975,0.032188
15.57,0.75949,-0.15696
15.57,1.1392,-0.03464
15.57,1.519,-0.13671
15.57,1.8987,-0.23944
15.57,2.2785,-0.564
15.57,2.6582,-0.87584
15.57,3.038,-1.1026
15.57,3.4177,-1.2481
15.57,3.7975,-1.4613
15.57,4.1772,-1.7181
15.57,4.557,-1.6342
15.57,4.9367,-1.8178
15.57,5.3165,-1.8395
15.57,5.6962,-1.6819
15.57,6.0759,-1.6124
15.57,6.4557,-1.6815
15.57,6.8354,-1.1588
15.57,7.2152,-1.2343
15.57,7.5949,-1.2268
15.57,7.9747,-1.1018
15.57,8.3544,-1.0773
15.57,8.7342,-0.99905
15.57,9.1139,-0.92275
15.57,9.4937,-1.0171
15.57,9.8734,-1.0489
15.57,10.253,-1.1031
15.57,10.633,-0.76704
15.57,11.013,-0.86657
15.57,11.392,-0.75795
15.57,11.772,-0.33393
15.57,12.152,-0.16467
15.57,12.532,-0.0064309
15.57,12.911,0.20695
15.57,13.291,0.43313
15.57,13.671,0.55868
15.57,14.051,0.58793
15.57,14.43,0.70747
15.57,14.81,0.78714
15.57,15.19,0.68767
15.57,15.57,0.86949
15.57,15.949,0.66499
15.57,16.329,0.51491
15.57,16.709,0.17043
15.57,17.089,0.087407
15.57,17.468,-0.13146
15.57,17.848,-0.46835
15.57,18.228,-0.64754
15.57,18.608,-0.95892
15.57,18.987,-1.1438
15.57,19.367,-1.2363
15.57,19.747,-1.6098
15.57,20.127,-1.8579
15.57,20.506,-1.9294
15.57,20.886,-2.1998
15.57,21.266,-2.0885
15.57,21.646,-2.2248
15.57,22.025,-2.3632
15.57,22.405,-2.3309
15.57,22.785,-2.3805
15.57,23.165,-2.4515
15.57,23.544,-2.4399
15.57,23.924,-2.2862
15.57,24.304,-2.2708
15.57,24.684,-2.2369
15.57,25.063,-2.0228
15.57,25.443,-1.9572
15.57,25.823,-1.9136
15.57,26.203,-1.6057
15.57,26.582,-1.1986
15.57,26.962,-0.82317
15.57,27.342,-0.55815
15.57,27.722,-0.29046
15.57,28.101,0.027043
15.57,28.481,0.094026
15.57,28.861,0.51798
15.57,29.241,0.59425
15.57,29.62,0.48632
15.57,30,1.0333
15.949,0,-0.095663
15.949,0.37975,-0.23474
15.949,0.75949,0.0010471
15.949,1.1392,-0.23303
15.949,1.519,-0.14837
15.949,1.8987,-0.43173
15.949,2.2785,-0.41924
15.949,2.6582,-0.93244
15.949,3.038,-1.0631
15.949,3.4177,-1.2216
15.949,3.7975,-1.7409
15.949,4.1772,-1.5671
15.949,4.557,-1.8279
15.949,4.9367,-1.815
15.949,5.3165,-1.767
15.949,5.6962,-1.7231
15.949,6.0759,-1.5529
15.949,6.4557,-1.4553
15.949,6.8354,-1.3655
15.949,7.2152,-1.4293
15.949,7.5949,-1.1399
15.949,7.9747,-1.0573
15.949,8.3544,-0.97688
15.949,8.7342,-1.1664
15.949,9.1139,-1.2406
15.949,9.4937,-0.89952
15.949,9.8734,-1.1079
15.949,10.253,-0.90754
15.949,10.633,-0.93633
15.949,11.013,-0.86805
15.949,11.392,-0.909
15.949,11.772,-0.47136
15.949,12.152,-0.34805
15.949,12.532,-0.30383
15.949,12.911,0.017527
15.949,13.291,0.21012
15.949,13.671,0.51538
15.949,14.051,0.36694
15.949,14.43,0.52897
15.949,14.81,0.6251
15.949,15.19,0.68782
15.949,15.57,0.45759
15.949,15.949,0.389
15.949,16.329,0.22605
15.949,16.709,0.30657
15.949,17.089,0.27321
15.949,17.468,-0.33167
15.949,17.848,-0.55097
15.949,18.228,-0.60809
15.949,18.608,-0.96592
15.949,18.987,-1.0608
15.949,19.367,-1.4092
15.949,19.747,-1.5806
15.949,20.127,-1.7884
15.949,20.506,-1.8404
15.949,20.886,-2.0535
15.949,21.266,-2.3026
15.949,21.646,-2.1476
15.949,22.025,-2.3476
15.949,22.405,-2.4014
15.949,22.785,-2.3438
15.949,23.165,-2.4059
15.949,23.544,-2.5859
15.949,23.924,-2.5431
15.949,24.304,-2.4642
15.949,24.684,-2.467
15.949,25.063,-2.5331
15.949,25.443,-2.3162
15.949,25.823,-1.954
15.949,26.203,-1.694
15.949,26.582,-1.5805
15.949,26.962,-1.1281
15.949,27.342,-0.87889
15.949,27.722,-0.79259
15.949,28.101,-0.40361
15.949,28.481,-0.15271
15.949,28.861,0.34129
15.949,29.241,0.45876
15.949,29.62,0.63905
15.949,30,0.67681
16.329,0,-0.31413
16.329,0.37975,0.070227
16.329,0.75949,0.0020439
16.329,1.1392,0.01519
16.329,1.519,0.049294
16.329,1.8987,-0.42789
16.329,2.2785,-0.56727
16.329,2.6582,-0.82015
16.329,3.038,-1.0816
16.329,3.4177,-1.301
16.329,3.7975,-1.3679
16.329,4.1772,-1.4218
16.329,4.557,-1.7038
16.329,4.9367,-1.6591
16.329,5.3165,-1.7904
16.329,5.6962,-1.516
16.329,6.0759,-1.5767
16.329,6.4557,-1.1626
16.329,6.8354,-1.2833
16.329,7.2152,-1.2333
16.329,7.5949,-0.97654
16.329,7.9747,-0.99112
16.329,8.3544,-0.99783
16.329,8.7342,-0.6861
16.329,9.1139,-0.77409
16.329,9.4937,-0.75245
16.329,9.8734,-0.77806
16.329,10.253,-0.87997
16.329,10.633,-0.86135
16.329,11.013,-0.7131
16.329,11.392,-0.75933
16.329,11.772,-0.36755
16.329,12.152,-0.32951
16.329,12.532,-0.32172
16.329,12.911,-0.076994
16.329,13.291,-0.047021
16.329,13.671,0.2571
16.329,14.051,0.58794
16.329,14.43,0.56052
16.329,14.81,0.5773
16.329,15.19,0.51211
16.329,15.57,0.45797
16.329,15.949,0.2893
16.329,16.329,0.18261
16.329,16.709,0.11556
16.329,17.089,-0.026121
16.329,17.468,-0.12446
16.329,17.848,-0.56787
16.329,18.228,-0.79148
16.329,18.608,-0.7947
16.329,18.987,-0.94358
16.329,19.367,-1.098
16.329,19.747,-1.416
16.329,20.127,-1.8636
16.329,20.506,-1.6251
16.329,20.886,-1.8249
16.329,21.266,-1.9812
16.329,21.646,-2.0526
16.329,22.025,-2.4029
16.329,22.405,-2.3884
16.329,22.785,-2.3396
16.329,23.165,-2.4698
16.329,23.544,-2.6098
16.329,23.924,-2.5307
16.329,24.304,-2.6033
16.329,24.684,-2.6873
16.329,25.063,-2.4327
16.329,25.443,-2.3326
16.329,25.823,-2.2787
16.329,26.203,-1.9966
16.329,26.582,-1.7591
16.329,26.962,-1.583
16.329,27.342,-1.5075
16.329,27.722,-0.96601
16.329,28.101,-0.81725
16.329,28.481,-0.53267
16.329,28.861,-0.23063
16.329,29.241,0.13555
16.329,29.62,0.12907
16.329,30,0.24014
16.709,0,-0.11372
16.709,0.37975,0.0075649
16.709,0.75949,0.041229
16.709,1.1392,-0.128
16.709,1.519,-0.098341
16.709,1.8987,-0.13426
16.709,2.2785,-0.20868
16.709,2.6582,-0.69616
16.709,3.038,-0.8445
16.709,3.4177,-1.1538
16.709,3.7975,-1.3233
16.709,4.1772,-1.5418
16.709,4.557,-1.6952
16.709,4.9367,-1.6981
16.709,5.3165,-1.5703
16.709,5.6962,-1.7465
16.709,6.0759,-1.2408
16.709,6.4557,-1.1947
16.709,6.8354,-1.0105
16.709,7.2152,-1.004
16.709,7.5949,-0.8762
16.709,7.9747,-0.7539
16.709,8.3544,-0.67912
16.709,8.7342,-0.82198
16.709,9.1139,-0.54497
16.709,9.4937,-0.75563
16.709,9.8734,-0.69487
16.709,10.253,-0.81192
16.709,10.633,-0.74503
16.709,11.013,-0.80748
16.709,11.392,-0.42792
16.709,11.772,-0.29751
16.709,12.152,-0.304
16.709,12.532,-0.19358
16.709,12.911,-0.19866
16.709,13.291,0.042041
16.709,13.671,0.31284
16.709,14.051,0.11478
16.709,14.43,0.2871
16.709,14.81,0.035739
16.709,15.19,0.2281
16.709,15.57,0.2671
16.709,15.949,0.16403
16.709,16.329,-0.0053516
16.709,16.709,-0.1638
16.709,17.089,-0.02831
16.709,17.468,-0.29194
16.709,17.848,-0.44166
16.709,18.228,-0.60745
16.709,18.608,-0.62293
16.709,18.987,-0.94721
16.709,19.367,-1.0901
16.709,19.747,-1.3978
16.709,20.127,-1.3569
16.709,20.506,-1.5966
16.709,20.886,-1.6999
16.709,21.266,-2.0766
16.709,21.646,-2.0894
16.709,22.025,-1.9991
16.709,22.405,-2.2478
16.709,22.785,-2.3342
16.709,23.165,-2.5649
16.709,23.544,-2.5295
16.709,23.924,-2.7696
16.709,24.304,-2.919
16.709,24.684,-2.6804
16.709,25.063,-2.7061
16.709,25.443,-2.5023
16.709,25.823,-2.4256
16.709,26.203,-2.2426
16.709,26.582,-2.0817
16.709,26.962,-2.1054
16.709,27.342,-1.5959
16.709,27.722,-1.2556
16.709,28.101,-1.1504
16.709,28.481,-0.65094
16.709,28.861,-0.6443
16.709,29.241,-0.43135
16.709,29.62,-0.073284
16.709,30,0.26038
17.089,0,-0.12908
17.089,0.37975,0.074663
17.089,0.75949,0.013965
17.089,1.1392,-0.0010305
17.089,1.519,0.015343
17.089,1.8987,-0.26154
17.089,2.2785,-0.25124
17.089,2.6582,-0.54753
17.089,3.038,-0.79939
17.089,3.4177,-0.92691
17.089,3.7975,-1.3517
17.089,4.1772,-1.3375
17.089,4.557,-1.6238
17.089,4.9367,-1.5133
17.089,5.3165,-1.5693
17.089,5.6962,-1.3522
17.089,6.0759,-1.1608
17.089,6.4557,-1.2576
17.089,6.8354,-0.95604
17.089,7.2152,-0.77286
17.089,7.5949,-0.62798
17.089,7.9747,-0.674
17.089,8.3544,-0.54394
17.089,8.7342,-0.57503
17.089,9.1139,-0.55503
17.089,9.4937,-0.61443
17.089,9.8734,-0.60354
17.089,10.253,-0.4792
17.089,10.633,-0.60976
17.089,11.013,-0.78822
17.089,11.392,-0.44715
17.089,11.772,-0.46749
17.089,12.152,-0.22406
17.089,12.532,-0.024439
17.089,12.911,0.26105
17.089,13.291,0.18358
17.089,13.671,0.20597
17.089,14.051,0.097633
17.089,14.43,0.1941
17.089,14.81,0.23953
17.089,15.19,0.097116
17.089,15.57,0.16356
17.089,15.949,0.12626
17.089,16.329,0.0022762
17.089,16.709,0.048702
17.089,17.089,0.047979
17.089,17.468,-0.27684
17.089,17.848,-0.47874
17.089,18.228,-0.48884
17.089,18.608,-0.57772
17.089,18.987,-0.80401
17.089,19.367,-0.79969
17.089,19.747,-1.0838
17.089,20.127,-1.2383
17.089,20.506,-1.3474
17.089,20.886,-1.5045
17.089,21.266,-1.7871
17.089,21.646,-1.9704
17.089,22.025,-1.9682
17.089,22.405,-2.152
17.089,22.785,-2.65
17.089,23.165,-2.4721
17.089,23.544,-2.4609
17.089,23.924,-2.7436
17.089,24.304,-2.6285
17.089,24.684,-2.8153
17.089,25.063,-2.7905
17.089,25.443,-2.9095
17.089,25.823,-2.6293
17.089,26.203,-2.363
17.089,26.582,-2.4263
17.089,26.962,-2.3929
17.089,27.342,-1.9968
17.089,27.722,-1.7369
17.089,28.101,-1.6019
17.089,28.481,-1.2593
17.089,28.861,-1.0518
17.089,29.241,-0.71492
17.089,29.62,-0.47384
17.089,30,-0.21525
17.468,0,0.040181
17.468,0.37975,0.096019
17.468,0.75949,0.091025
17.468,1.1392,0.16711
17.468,1.519,0.20109
17.468,1.8987,-0.18595
17.468,2.2785,-0.2052
17.468,2.6582,-0.37352
17.468,3.038,-0.60297
17.468,3.4177,-0.83904
17.468,3.7975,-0.9251
17.468,4.1772,-1.3287
17.468,4.557,-1.4063
17.468,4.9367,-1.4564
17.468,5.3165,-1.3047
17.468,5.6962,-1.2169
17.468,6.0759,-1.0691
17.468,6.4557,-0.89423
17.468,6.8354,-0.80641
17.468,7.2152,-0.6748
17.468,7.5949,-0.62737
17.468,7.9747,-0.5024
17.468,8.3544,-0.38624
17.468,8.7342,-0.66281
17.468,9.1139,-0.23082
17.468,9.4937,-0.38667
17.468,9.8734,-0.53817
17.468,10.253,-0.38664
17.468,10.633,-0.4466
17.468,11.013,-0.3028
17.468,11.392,-0.3537
17.468,11.772,-0.4396
17.468,12.152,-0.17963
17.468,12.532,-0.044211
17.468,12.911,0.10307
17.468,13.291,0.049913
17.468,13.671,0.092163
17.468,14.051,0.26175
17.468,14.43,0.17843
17.468,14.81,0.077212
17.468,15.19,0.036183
17.468,15.57,-0.068354
17.468,15.949,0.074821
17.468,16.329,0.12097
17.468,16.709,-0.025958
17.468,17.089,-0.12649
17.468,17.468,-0.13461
17.468,17.848,-0.2022
17.468,18.228,-0.39181
17.468,18.608,-0.59443
17.468,18.987,-0.82495
17.468,19.367,-0.84569
17.468,19.747,-0.85238
17.468,20.127,-0.94229
17.468,20.506,-1.2766
17.468,20.886,-1.1751
17.468,21.266,-1.4868
17.468,21.646,-1.5569
17.468,22.025,-1.7871
17.468,22.405,-2.0781
17.468,22.785,-2.1165
17.468,23.165,-2.2679
17.468,23.544,-2.4079
17.468,23.924,-2.6331
17.468,24.304,-2.8725
17.468,24.684,-2.8695
17.468,25.063,-3.0825
17.468,25.443,-3.0356
17.468,25.823,-2.8563
17.468,26.203,-2.9009
17.468,26.582,-2.734
17.468,26.962,-2.6696
17.468,27.342,-2.2062
17.468,27.722,-2.2971
17.468,28.101,-1.8765
17.468,28.481,-1.5414
17.468,28.861,-1.287
17.468,29.241,-1.2174
17.468,29.62,-0.99335
17.468,30,-0.48718
17.848,0,-0.012078
17.848,0.37975,-0.016187
17.848,0.75949,0.16315
17.848,1.1392,0.20359
17.848,1.519,0.014144
17.848,1.8987,0.13952
17.848,2.2785,-0.17651
17.848,2.6582,-0.41419
17.848,3.038,-0.431
17.848,3.4177,-0.79883
17.848,3.7975,-1.0383
17.848,4.1772,-1.0891
17.848,4.557,-1.2765
17.848,4.9367,-1.2835
17.848,5.3165,-1.3473
17.848,5.6962,-1.3865
17.848,6.0759,-1.1551
17.848,6.4557,-1.1043
17.848,6.8354,-0.74288
17.848,7.2152,-0.43382
17.848,7.5949,-0.47081
17.848,7.9747,-0.28214
17.848,8.3544,-0.49172
17.848,8.7342,-0.16396
17.848,9.1139,-0.27988
17.848,9.4937,-0.39946
17.848,9.8734,-0.27791
17.848,10.253,-0.13697
17.848,10.633,-0.55173
17.848,11.013,-0.23116
17.848,11.392,-0.28436
17.848,11.772,-0.33878
17.848,12.152,-0.12553
17.848,12.532,-0.12492
17.848,12.911,-0.12491
17.848,13.291,-0.10485
17.848,13.671,0.089473
17.848,14.051,0.15051
17.848,14.43,0.070434
17.848,14.81,0.089673
17.848,15.19,-0.13861
17.848,15.57,0.018902
17.848,15.949,-0.067744
17.848,16.329,-0.03315
17.848,16.709,0.1664
17.848,17.089,-0.31296
17.848,17.468,-0.33115
17.848,17.848,-0.44438
17.848,18.228,-0.18663
17.848,18.608,-0.3923
17.848,18.987,-0.66213
17.848,19.367,-0.34549
17.848,19.747,-0.60189
17.848,20.127,-0.7867
17.848,20.506,-1.1432
17.848,20.886,-1.2632
17.848,21.266,-1.3891
17.848,21.646,-1.5109
17.848,22.025,-1.4856
17.848,22.405,-1.6154
17.848,22.785,-1.8518
17.848,23.165,-2.2329
17.848,23.544,-2.4623
17.848,23.924,-2.5284
17.848,24.304,-2.8106
17.848,24.684,-2.9078
17.848,25.063,-2.9845
17.848,25.443,-3.0156
17.848,25.823,-3.0845
17.848,26.203,-3.2515
17.848,26.582,-3.0359
17.848,26.962,-3.0851
17.848,27.342,-2.6178
17.848,27.722,-2.7304
17.848,28.101,-2.2816
17.848,28.481,-2.2639
17.848,28.861,-1.8365
17.848,29.241,-1.5745
17.848,29.62,-1.259
17.848,30,-1.0399
18.228,0,-0.085732
18.228,0.37975,0.14316
18.228,0.75949,0.25789
18.228,1.1392,0.15368
18.228,1.519,0.11399
18.228,1.8987,0.019243
18.228,2.2785,-0.12876
18.228,2.6582,-0.2419
18.228,3.038,-0.56463
18.228,3.4177,-0.80636
18.228,3.7975,-0.91388
18.228,4.1772,-0.99888
18.228,4.557,-1.2819
18.228,4.9367,-1.2149
18.228,5.3165,-1.1686
18.228,5.6962,-1.1472
18.228,6.0759,-0.96193
18.228,6.4557,-0.63132
18.228,6.8354,-0.80809
18.228,7.2152,-0.58259
18.228,7.5949,-0.27422
18.228,7.9747,-0.14741
18.228,8.3544,-0.31608
18.228,8.7342,-0.1047
18.228,9.1139,-0.043928
18.228,9.4937,-0.24923
18.228,9.8734,-0.1544
18.228,10.253,-0.066223
18.228,10.633,-0.29197
18.228,11.013,-0.16321
18.228,11.392,-0.13297
18.228,11.772,-0.31252
18.228,12.152,0.028483
18.228,12.532,0.018435
18.228,12.911,-0.026243
18.228,13.291,-0.011869
18.228,13.671,0.15456
18.228,14.051,0.13206
18.228,14.43,-0.023456
18.228,14.81,-0.045032
18.228,15.19,-0.16909
18.228,15.57,-0.0094147
18.228,15.949,-0.22828
18.228,16.329,-0.040807
18.228,16.709,-0.26008
18.228,17.089,-0.13916
18.228,17.468,-0.18989
18.228,17.848,-0.10725
18.228,18.228,-0.41819
18.228,18.608,-0.27848
18.228,18.987,-0.42319
18.228,19.367,-0.40394
18.228,19.747,-0.58009
18.228,20.127,-0.91393
18.228,20.506,-0.78621
18.228,20.886,-0.84594
18.228,21.266,-1.0256
18.228,21.646,-1.2109
18.228,22.025,-1.619
18.228,22.405,-1.4639
18.228,22.785,-1.6195
18.228,23.165,-1.9414
18.228,23.544,-2.0662
18.228,23.924,-2.5236
18.228,24.304,-2.5821
18.228,24.684,-2.9824
18.228,25.063,-2.9985
18.228,25.443,-3.0046
18.228,25.823,-2.9837
18.228,26.203,-3.4493
18.228,26.582,-3.4284
18.228,26.962,-3.3495
18.228,27.342,-2.9497
18.228,27.722,-3.0222
18.228,28.101,-2.5442
18.228,28.481,-2.6403
18.228,28.861,-2.3778
18.228,29.241,-1.9121
18.228,29.62,-1.8002
18.228,30,-1.4046
18.608,0,0.074558
18.608,0.37975,0.14538
18.608,0.75949,0.32315
18.608,1.1392,0.16801
18.608,1.519,0.48972
18.608,1.8987,0.20036
18.608,2.2785,-0.027752
18.608,2.6582,-0.24175
18.608,3.038,-0.39228
18.608,3.4177,-0.51698
18.608,3.7975,-0.90711
18.608,4.1772,-0.96302
18.608,4.557,-1.1604
18.608,4.9367,-0.97275
18.608,5.3165,-0.77763
18.608,5.6962,-1.0228
18.608,6.0759,-0.58427
18.608,6.4557,-0.73867
18.608,6.8354,-0.42381
18.608,7.2152,-0.33229
18.608,7.5949,-0.38263
18.608,7.9747,0.051953
18.608,8.3544,-0.19912
18.608,8.7342,-0.10056
18.608,9.1139,-0.11611
18.608,9.4937,-0.028569
18.608,9.8734,-0.11598
18.608,10.253,-0.092766
18.608,10.633,-0.051052
18.608,11.013,-0.065294
18.608,11.392,-0.037146
18.608,11.772,0.016373
18.608,12.152,0.0521
18.608,12.532,-0.081399
18.608,12.911,0.27826
18.608,13.291,-0.013398
18.608,13.671,0.10182
18.608,14.051,0.21992
18.608,14.43,0.059228
18.608,14.81,0.10621
18.608,15.19,0.048976
18.608,15.57,-0.028401
18.608,15.949,-0.10317
18.608,16.329,-0.032958
18.608,16.709,-0.081137
18.608,17.089,-0.16461
18.608,17.468,-0.038287
18.608,17.848,-0.10828
18.608,18.228,-0.089543
18.608,18.608,-0.047684
18.608,18.987,-0.31791
18.608,19.367,-0.31873
18.608,19.747,-0.24248
18.608,20.127,-0.5714
18.608,20.506,-0.50664
18.608,20.886,-0.56354
18.608,21.266,-0.73102
18.608,21.646,-0.88747
18.608,22.025,-1.2842
18.608,22.405,-1.1986
18.608,22.785,-1.5291
18.608,23.165,-1.6276
18.608,23.544,-2.0402
18.608,23.924,-2.0966
18.608,24.304,-2.4351
18.608,24.684,-2.7977
18.608,25.063,-3.0599
18.608,25.443,-3.3673
18.608,25.823,-3.2279
18.608,26.203,-3.4784
18.608,26.582,-3.4946
18.608,26.962,-3.6332
18.608,27.342,-3.3871
18.608,27.722,-3.4871
18.608,28.101,-2.9886
18.608,28.481,-2.861
18.608,28.861,-2.6073
18.608,29.241,-2.3698
18.608,29.62,-2.1112
18.608,30,-1.714
18.987,0,-0.070851
18.987,0.37975,0.060937
18.987,0.75949,0.36886
18.987,1.1392,0.44776
18.987,1.519,0.38676
18.987,1.8987,0.2885
18.987,2.2785,-0.0032488
18.987,2.6582,-0.14895
18.987,3.038,-0.31075
18.987,3.4177,-0.68404
18.987,3.7975,-0.70206
18.987,4.1772,-0.83685
18.987,4.557,-0.88111
18.987,4.9367,-0.90027
18.987,5.3165,-1.104
18.987,5.6962,-0.70341
18.987,6.0759,-0.75939
18.987,6.4557,-0.66271
18.987,6.8354,-0.491
18.987,7.2152,-0.30427
18.987,7.5949,-0.26074
18.987,7.9747,-0.11179
18.987,8.3544,-0.050711
18.987,8.7342,0.020838
18.987,9.1139,0.14442
18.987,9.4937,0.055667
18.987,9.8734,0.10713
18.987,10.253,-0.092202
18.987,10.633,-0.10928
18.987,11.013,-0.12787
18.987,11.392,-0.010201
18.987,11.772,0.071064
18.987,12.152,0.20832
18.987,12.532,0.10901
18.987,12.911,0.14978
18.987,13.291,-0.072494
18.987,13.671,0.043763
18.987,14.051,0.28501
18.987,14.43,-0.011853
18.987,14.81,0.049563
18.987,15.19,-0.0082318
18.987,15.57,-0.036226
18.987,15.949,-0.13878
18.987,16.329,-0.087477
18.987,16.709,-0.054234
18.987,17.089,-0.19487
18.987,17.468,-0.046897
18.987,17.848,-0.18849
18.987,18.228,-0.1038
18.987,18.608,-0.11486
18.987,18.987,0.0064969
18.987,19.367,-0.12618
18.987,19.747,-0.023982
18.987,20.127,-0.39264
18.987,20.506,-0.40425
18.987,20.886,-0.52375
18.987,21.266,-0.52429
18.987,21.646,-0.53103
18.987,22.025,-0.92901
18.987,22.405,-1.0833
18.987,22.785,-1.0824
18.987,23.165,-1.6256
18.987,23.544,-1.6999
18.987,23.924,-2.0291
18.987,24.304,-2.1668
18.987,24.684,-2.5197
18.987,25.063,-2.9166
18.987,25.443,-2.9653
18.987,25.823,-3.2925
18.987,26.203,-3.5207
18.987,26.582,-3.3999
18.987,26.962,-3.7526
18.987,27.342,-3.6617
18.987,27.722,-3.5111
18.987,28.101,-3.6349
18.987,28.481,-3.2412
18.987,28.861,-3.089
18.987,29.241,-2.7149
18.987,29.62,-2.296
18.987,30,-1.9657
19.367,0,-0.12235
19.367,0.37975,0.32231
19.367,0.75949,0.40584
19.367,1.1392,0.59846
19.367,1.519,0.30982
19.367,1.8987,0.15105
19.367,2.2785,0.057616
19.367,2.6582,-0.0041284
19.367,3.038,-0.19943
19.367,3.4177,-0.37645
19.367,3.7975,-0.64042
19.367,4.1772,-0.66244
19.367,4.557,-0.78125
19.367,4.9367,-0.6526
19.367,5.3165,-0.7004
19.367,5.6962,-0.59569
19.367,6.0759,-0.78263
19.367,6.4557,-0.39139
19.367,6.8354,-0.48271
19.367,7.2152,-0.42261
19.367,7.5949,-0.13169
19.367,7.9747,-0.10826
19.367,8.3544,-0.10438
19.367,8.7342,-0.029922
19.367,9.1139,0.071596
19.367,9.4937,-0.021397
19.367,9.8734,-0.063921
19.367,10.253,-0.060934
19.367,10.633,0.011848
19.367,11.013,0.092263
19.367,11.392,0.11709
19.367,11.772,0.0092676
19.367,12.152,0.3234
19.367,12.532,0.15021
19.367,12.911,0.046804
19.367,13.291,0.22995
19.367,13.671,0.24772
19.367,14.051,-0.11653
19.367,14.43,-0.062744
19.367,14.81,0.028589
19.367,15.19,-0.072306
19.367,15.57,0.09689
19.367,15.949,-0.16799
19.367,16.329,-0.10238
19.367,16.709,-0.19045
19.367,17.089,-0.15784
19.367,17.468,-0.090465
19.367,17.848,-0.021082
19.367,18.228,-0.023017
19.367,18.608,0.024012
19.367,18.987,-0.026365
19.367,19.367,-0.038031
19.367,19.747,-0.15546
19.367,20.127,-0.093374
19.367,20.506,-0.0098821
19.367,20.886,-0.2906
19.367,21.266,-0.38565
19.367,21.646,-0.44773
19.367,22.025,-0.50019
19.367,22.405,-0.56415
19.367,22.785,-0.73627
19.367,23.165,-1.1836
19.367,23.544,-1.4225
19.367,23.924,-1.8114
19.367,24.304,-2.0604
19.367,24.684,-2.4351
19.367,25.063,-2.9519
19.367,25.443,-3.1006
19.367,25.823,-3.3931
19.367,26.203,-3.6254
19.367,26.582,-3.8217
19.367,26.962,-3.7522
19.367,27.342,-3.7786
19.367,27.722,-3.8431
19.367,28.101,-3.7558
19.367,28.481,-3.5496
19.367,28.861,-3.369
19.367,29.241,-3.0552
19.367,29.62,-2.6025
19.367,30,-2.2596
19.747,0,0.3905
19.747,0.37975,0.29169
19.747,0.75949,0.6964
19.747,1.1392,0.47891
19.747,1.519,0.4688
19.747,1.8987,0.39104
19.747,2.2785,0.20246
19.747,2.6582,-0.015448
19.747,3.038,-0.12719
19.747,3.4177,-0.27429
19.747,3.7975,-0.3257
19.747,4.1772,-0.51069
19.747,4.557,-0.66638
19.747,4.9367,-0.66659
19.747,5.3165,-0.7791
19.747,5.6962,-0.70008
19.747,6.0759,-0.77582
19.747,6.4557,-0.31268
19.747,6.8354,-0.37599
19.747,7.2152,-0.26425
19.747,7.5949,-0.17949
19.747,7.9747,-0.14202
19.747,8.3544,-0.059211
19.747,8.7342,-0.0182
19.747,9.1139,-0.11521
19.747,9.4937,-0.004189
19.747,9.8734,-0.080013
19.747,10.253,-0.13421
19.747,10.633,-0.010806
19.747,11.013,0.15624
19.747,11.392,-0.0201
19.747,11.772,0.20526
19.747,12.152,0.15493
19.747,12.532,0.27704
19.747,12.911,0.24471
19.747,13.291,0.36479
19.747,13.671,0.36028
19.747,14.051,0.32167
19.747,14.43,0.29784
19.747,14.81,0.14764
19.747,15.19,0.16076
19.747,15.57,0.097091
19.747,15.949,-0.18432
19.747,16.329,-0.13049
19.747,16.709,-0.19724
19.747,17.089,-0.18108
19.747,17.468,-0.10534
19.747,17.848,-0.06252
19.747,18.228,0.033315
19.747,18.608,0.077119
19.747,18.987,0.13566
19.747,19.367,0.057734
19.747,19.747,0.056404
19.747,20.127,-0.078822
19.747,20.506,0.035308
19.747,20.886,0.1295
19.747,21.266,-0.072252
19.747,21.646,0.072071
19.747,22.025,-0.35368
19.747,22.405,-0.27978
19.747,22.785,-0.48752
19.747,23.165,-0.87582
19.747,23.544,-1.0107
19.747,23.924,-1.5192
19.747,24.304,-2.0236
19.747,24.684,-2.232
19.747,25.063,-2.6966
19.747,25.443,-3.0439
19.747,25.823,-3.0843
19.747,26.203,-3.8208
19.747,26.582,-3.6316
19.747,26.962,-4.1142
19.747,27.342,-3.9679
19.747,27.722,-4.1411
19.747,28.101,-4.0157
19.747,28.481,-3.6745
19.747,28.861,-3.6355
19.747,29.241,-3.2736
19.747,29.62,-2.8477
19.747,30,-2.4584
20.127,0,0.37621
20.127,0.37975,0.38795
20.127,0.75949,0.66426
20.127,1.1392,0.5396
20.127,1.519,0.67814
20.127,1.8987,0.3263
20.127,2.2785,0.37556
20.127,2.6582,-0.0069926
20.127,3.038,-0.096046
20.127,3.4177,-0.20822
20.127,3.7975,-0.30435
20.127,4.1772,-0.52701
20.127,4.557,-0.64541
20.127,4.9367,-0.52718
20.127,5.3165,-0.73729
20.127,5.6962,-0.57338
20.127,6.0759,-0.44752
20.127,6.4557,-0.33656
20.127,6.8354,-0.4316
20.127,7.2152,-0.12321
20.127,7.5949,-0.27959
20.127,7.9747,-0.1352
20.127,8.3544,-0.0099652
20.127,8.7342,-0.25449
20.127,9.1139,0.010171
20.127,9.4937,0.011365
20.127,9.8734,-0.049127
20.127,10.253,-0.10153
20.127,10.633,0.043235
20.127,11.013,-0.049424
20.127,11.392,0.07674
20.127,11.772,0.25674
20.127,12.152,0.24151
20.127,12.532,0.40052
20.127,12.911,0.36766
20.127,13.291,0.34302
20.127,13.671,0.34111
20.127,14.051,0.32564
20.127,14.43,0.52772
20.127,14.81,0.32688
20.127,15.19,0.11196
20.127,15.57,0.099847
20.127,15.949,-0.096174
20.127,16.329,0.054058
20.127,16.709,-0.14651
20.127,17.089,-0.10433
20.127,17.468,-0.070102
20.127,17.848,-0.15358
20.127,18.228,-0.030072
20.127,18.608,0.00085384
20.127,18.987,-0.089722
20.127,19.367,0.12106
20.127,19.747,0.14007
20.127,20.127,0.13118
20.127,20.506,0.044628
20.127,20.886,0.082314
20.127,21.266,0.10189
20.127,21.646,0.22127
20.127,22.025,0.12682
20.127,22.405,-0.075753
20.127,22.785,-0.1644
20.127,23.165,-0.61278
20.127,23.544,-1.107
20.127,23.924,-1.3236
20.127,24.304,-1.598
20.127,24.684,-1.976
20.127,25.063,-2.4804
20.127,25.443,-2.9942
20.127,25.823,-3.2159
20.127,26.203,-3.4799
20.127,26.582,-3.8057
20.127,26.962,-4.1023
20.127,27.342,-4.0759
20.127,27.722,-4.0532
20.127,28.101,-4.0253
20.127,28.481,-3.8716
20.127,28.861,-3.5563
20.127,29.241,-3.3043
20.127,29.62,-3.079
20.127,30,-2.4637
20.506,0,0.40438
20.506,0.37975,0.47469
20.506,0.75949,0.50446
20.506,1.1392,0.58633
20.506,1.519,0.44539
20.506,1.8987,0.48422
20.506,2.2785,0.34659
20.506,2.6582,0.3191
20.506,3.038,0.017175
20.506,3.4177,0.030165
20.506,3.7975,-0.34491
20.506,4.1772,-0.32523
20.506,4.557,-0.39341
20.506,4.9367,-0.5186
20.506,5.3165,-0.35168
20.506,5.6962,-0.38979
20.506,6.0759,-0.43331
20.506,6.4557,-0.22594
20.506,6.8354,-0.48961
20.506,7.2152,-0.15984
20.506,7.5949,-0.10144
20.506,7.9747,-0.089488
20.506,8.3544,-0.21722
20.506,8.7342,-0.23813
20.506,9.1139,-0.26111
20.506,9.4937,-0.3507
20.506,9.8734,-0.138
20.506,10.253,-0.4093
20.506,10.633,0.0087019
20.506,11.013,0.010976
20.506,11.392,-0.10041
20.506,11.772,0.21488
20.506,12.152,0.33954
20.506,12.532,0.41518
20.506,12.911,0.51584
20.506,13.291,0.48917
20.506,13.671,0.4809
20.506,14.051,0.48532
20.506,14.43,0.63508
20.506,14.81,0.27043
20.506,15.19,0.24115
20.506,15.57,0.095234
20.506,15.949,0.20637
20.506,16.329,0.18167
20.506,16.709,0.0087399
20.506,17.089,-0.065798
20.506,17.468,0.078945
20.506,17.848,0.13567
20.506,18.228,0.093764
20.506,18.608,-0.02113
20.506,18.987,0.096335
20.506,19.367,0.30886
20.506,19.747,0.24786
20.506,20.127,0.50187
20.506,20.506,0.37591
20.506,20.886,0.15634
20.506,21.266,0.43802
20.506,21.646,0.22368
20.506,22.025,0.44426
20.506,22.405,0.0073839
20.506,22.785,-0.093244
20.506,23.165,-0.18106
20.506,23.544,-0.5489
20.506,23.924,-0.87058
20.506,24.304,-1.4012
20.506,24.684,-1.9133
20.506,25.063,-2.4353
20.506,25.443,-2.6334
20.506,25.823,-3.017
20.506,26.203,-3.6311
20.506,26.582,-3.6176
20.506,26.962,-3.9261
20.506,27.342,-4.1509
20.506,27.722,-4.2043
20.506,28.101,-4.0659
20.506,28.481,-3.7427
20.506,28.861,-3.5748
20.506,29.241,-3.3587
20.506,29.62,-3.1027
20.506,30,-2.4146
20.886,0,0.3907
20.886,0.37975,0.45944
20.886,0.75949,0.56046
20.886,1.1392,0.78794
20.886,1.519,0.53364
20.886,1.8987,0.42955
20.886,2.2785,0.2733
20.886,2.6582,0.2389
20.886,3.038,0.078926
20.886,3.4177,-0.16374
20.886,3.7975,-0.29219
20.886,4.1772,-0.241
20.886,4.557,-0.33731
20.886,4.9367,-0.33507
20.886,5.3165,-0.18714
20.886,5.6962,-0.40623
20.886,6.0759,-0.47146
20.886,6.4557,-0.30826
20.886,6.8354,-0.19499
20.886,7.2152,-0.33865
20.886,7.5949,-0.13883
20.886,7.9747,-0.10588
20.886,8.3544,-0.16234
20.886,8.7342,-0.29321
20.886,9.1139,-0.34009
20.886,9.4937,-0.23203
20.886,9.8734,-0.27261
20.886,10.253,-0.20499
20.886,10.633,-0.26341
20.886,11.013,-0.17945
20.886,11.392,-0.18907
20.886,11.772,0.12047
20.886,12.152,0.42483
20.886,12.532,0.35867
20.886,12.911,0.78919
20.886,13.291,0.60998
20.886,13.671,0.70181
20.886,14.051,0.57663
20.886,14.43,0.54485
20.886,14.81,0.47843
20.886,15.19,0.35285
20.886,15.57,0.37014
20.886,15.949,0.18846
20.886,16.329,0.0021809
20.886,16.709,0.22492
20.886,17.089,0.09303
20.886,17.468,-0.15054
20.886,17.848,0.18795
20.886,18.228,0.14727
20.886,18.608,0.17697
20.886,18.987,0.31309
20.886,19.367,0.20241
20.886,19.747,0.36682
20.886,20.127,0.47735
20.886,20.506,0.44979
20.886,20.886,0.51908
20.886,21.266,0.63472
20.886,21.646,0.63155
20.886,22.025,0.35082
20.886,22.405,0.30096
20.886,22.785,0.35108
20.886,23.165,0.018615
20.886,23.544,-0.23934
20.886,23.924,-0.68461
20.886,24.304,-1.1746
20.886,24.684,-1.6119
20.886,25.063,-2.151
20.886,25.443,-2.5451
20.886,25.823,-2.874
20.886,26.203,-3.3486
20.886,26.582,-3.7079
20.886,26.962,-3.8743
20.886,27.342,-3.9219
20.886,27.722,-3.9832
20.886,28.101,-4.0949
20.886,28.481,-3.8654
20.886,28.861,-3.7273
20.886,29.241,-3.219
20.886,29.62,-3.164
20.886,30,-2.6034
21.266,0,0.26872
21.266,0.37975,0.58602
21.266,0.75949,0.52424
21.266,1.1392,0.62108
21.266,1.519,0.44622
21.266,1.8987,0.42941
21.266,2.2785,0.1776
21.266,2.6582,0.20986
21.266,3.038,0.090006
21.266,3.4177,0.14809
21.266,3.7975,0.093103
21.266,4.1772,-0.14202
21.266,4.557,-0.21482
21.266,4.9367,-0.10771
21.266,5.3165,-0.19848
21.266,5.6962,-0.21375
21.266,6.0759,-0.21375
21.266,6.4557,-0.33895
21.266,6.8354,-0.14658
21.266,7.2152,0.053002
21.266,7.5949,-0.17093
21.266,7.9747,-0.28681
21.266,8.3544,-0.44916
21.266,8.7342,-0.34099
21.266,9.1139,-0.54917
21.266,9.4937,-0.27006
21.266,9.8734,-0.16683
21.266,10.253,-0.20696
21.266,10.633,-0.28389
21.266,11.013,-0.16724
21.266,11.392,0.10128
21.266,11.772,0.075162
21.266,12.152,0.17877
21.266,12.532,0.51419
21.266,12.911,0.5296
21.266,13.291,0.62759
21.266,13.671,0.67686
21.266,14.051,0.68216
21.266,14.43,0.67583
21.266,14.81,0.46559
21.266,15.19,0.50917
21.266,15.57,0.45411
21.266,15.949,0.25677
21.266,16.329,0.17769
21.266,16.709,0.087112
21.266,17.089,0.13494
21.266,17.468,0.13981
21.266,17.848,0.11721
21.266,18.228,0.28788
21.266,18.608,0.31208
21.266,18.987,0.33378
21.266,19.367,0.29816
21.266,19.747,0.4183
21.266,20.127,0.41304
21.266,20.506,0.59348
21.266,20.886,0.74941
21.266,21.266,0.71876
21.266,21.646,0.55679
21.266,22.025,0.58279
21.266,22.405,0.54648
21.266,22.785,0.41608
21.266,23.165,0.20327
21.266,23.544,-0.14413
21.266,23.924,-0.57351
21.266,24.304,-0.71921
21.266,24.684,-1.4745
21.266,25.063,-1.8316
21.266,25.443,-2.4088
21.266,25.823,-2.7903
21.266,26.203,-2.9764
21.266,26.582,-3.4911
21.266,26.962,-3.6348
21.266,27.342,-3.803
21.266,27.722,-3.6995
21.266,28.101,-3.7295
21.266,28.481,-3.6826
21.266,28.861,-3.4437
21.266,29.241,-3.1926
21.266,29.62,-2.6555
21.266,30,-2.2801
21.646,0,0.22078
21.646,0.37975,0.3792
21.646,0.75949,0.35496
21.646,1.1392,0.28984
21.646,1.519,0.58609
21.646,1.8987,0.36936
21.646,2.2785,0.48312
21.646,2.6582,0.0060529
21.646,3.038,0.058674
21.646,3.4177,0.048743
21.646,3.7975,-0.34292
21.646,4.1772,-0.47081
21.646,4.557,-0.081907
21.646,4.9367,-0.26151
21.646,5.3165,-0.012124
21.646,5.6962,-0.087944
21.646,6.0759,-0.061279
21.646,6.4557,-0.076831
21.646,6.8354,-0.069019
21.646,7.2152,-0.14883
21.646,7.5949,-0.20377
21.646,7.9747,-0.3199
21.646,8.3544,-0.23651
21.646,8.7342,-0.5856
21.646,9.1139,-0.46459
21.646,9.4937,-0.58403
21.646,9.8734,-0.56433
21.646,10.253,-0.39626
21.646,10.633,-0.28517
21.646,11.013,-0.5019
21.646,11.392,0.15393
21.646,11.772,0.28919
21.646,12.152,0.14701
21.646,12.532,0.44373
21.646,12.911,0.66144
21.646,13.291,0.5289
21.646,13.671,0.89758
21.646,14.051,1.0265
21.646,14.43,0.96242
21.646,14.81,0.97743
21.646,15.19,0.76336
21.646,15.57,0.74067
21.646,15.949,0.51176
21.646,16.329,0.532
21.646,16.709,0.3475
21.646,17.089,0.37686
21.646,17.468,0.17316
21.646,17.848,0.090014
21.646,18.228,0.4206
21.646,18.608,0.35882
21.646,18.987,0.38224
21.646,19.367,0.42544
21.646,19.747,0.46358
21.646,20.127,0.5359
21.646,20.506,0.76898
21.646,20.886,0.53304
21.646,21.266,0.86022
21.646,21.646,0.69075
21.646,22.025,0.76793
21.646,22.405,0.92327
21.646,22.785,0.41757
21.646,23.165,0.51083
21.646,23.544,-0.079485
21.646,23.924,-0.25934
21.646,24.304,-0.79242
21.646,24.684,-1.2485
21.646,25.063,-1.6594
21.646,25.443,-2.1898
21.646,25.823,-2.4851
21.646,26.203,-2.9377
21.646,26.582,-3.1835
21.646,26.962,-3.3039
21.646,27.342,-3.5846
21.646,27.722,-3.6744
21.646,28.101,-3.4403
21.646,28.481,-3.4262
21.646,28.861,-3.1716
21.646,29.241,-2.7384
21.646,29.62,-2.5018
21.646,30,-2.0764
22.025,0,0.23435
22.025,0.37975,0.23995
22.025,0.75949,0.33294
22.025,1.1392,0.39113
22.025,1.519,0.27327
22.025,1.8987,0.24621
22.025,2.2785,0.21661
22.025,2.6582,0.13431
22.025,3.038,0.10952
22.025,3.4177,-0.26459
22.025,3.7975,-0.093707
22.025,4.1772,-0.23403
22.025,4.557,0.026181
22.025,4.9367,-0.081387
22.025,5.3165,-0.047067
22.025,5.6962,-0.0041484
22.025,6.0759,-0.11411
22.025,6.4557,-0.14908
22.025,6.8354,-0.13977
22.025,7.2152,-0.17604
22.025,7.5949,-0.17785
22.025,7.9747,-0.29264
22.025,8.3544,-0.22578
22.025,8.7342,-0.42218
22.025,9.1139,-0.69067
22.025,9.4937,-0.42461
22.025,9.8734,-0.44392
22.025,10.253,-0.6123
22.025,10.633,-0.60037
22.025,11.013,-0.29114
22.025,11.392,-0.18357
22.025,11.772,0.053754
22.025,12.152,0.27437
22.025,12.532,0.48231
22.025,12.911,0.64024
22.025,13.291,0.83049
22.025,13.671,0.94584
22.025,14.051,1.0548
22.025,14.43,0.91095
22.025,14.81,0.98645
22.025,15.19,0.79269
22.025,15.57,0.80923
22.025,15.949,0.63098
22.025,16.329,0.54549
22.025,16.709,0.17241
22.025,17.089,0.50027
22.025,17.468,0.24696
22.025,17.848,0.27144
22.025,18.228,0.27492
22.025,18.608,0.61893
22.025,18.987,0.48668
22.025,19.367,0.58015
22.025,19.747,0.3806
22.025,20.127,0.73565
22.025,20.506,0.68808
22.025,20.886,0.93008
22.025,21.266,0.94895
22.025,21.646,0.86595
22.025,22.025,0.86339
22.025,22.405,0.85504
22.025,22.785,0.7535
22.025,23.165,0.36262
22.025,23.544,0.21609
22.025,23.924,-0.15859
22.025,24.304,-0.56989
22.025,24.684,-1.0285
22.025,25.063,-1.6517
22.025,25.443,-1.9167
22.025,25.823,-2.2372
22.025,26.203,-2.7204
22.025,26.582,-3.1851
22.025,26.962,-3.0651
22.025,27.342,-3.2963
22.025,27.722,-3.3558
22.025,28.101,-2.9716
22.025,28.481,-2.9644
22.025,28.861,-2.7564
22.025,29.241,-2.224
22.025,29.62,-2.2311
22.025,30,-1.7756
22.405,0,-0.024242
22.405,0.37975,-0.071188
22.405,0.75949,0.14415
22.405,1.1392,-0.13428
22.405,1.519,0.11909
22.405,1.8987,0.023753
22.405,2.2785,0.082826
22.405,2.6582,-0.17363
22.405,3.038,-0.17438
22.405,3.4177,-0.1332
22.405,3.7975,-0.23989
22.405,4.1772,-0.067578
22.405,4.557,0.0042875
22.405,4.9367,-0.046764
22.405,5.3165,0.079382
22.405,5.6962,0.06955
22.405,6.0759,0.066142
22.405,6.4557,0.031701
22.405,6.8354,0.0046704
22.405,7.2152,-0.068252
22.405,7.5949,-0.18724
22.405,7.9747,-0.23964
22.405,8.3544,-0.14493
22.405,8.7342,-0.49953
22.405,9.1139,-0.51471
22.405,9.4937,-0.62427
22.405,9.8734,-0.78921
22.405,10.253,-0.46155
22.405,10.633,-0.65224
22.405,11.013,-0.48655
22.405,11.392,-0.25089
22.405,11.772,0.0026971
22.405,12.152,0.23466
22.405,12.532,0.52018
22.405,12.911,0.57566
22.405,13.291,0.87182
22.405,13.671,1.1105
22.405,14.051,0.98149
22.405,14.43,1.0306
22.405,14.81,1.0676
22.405,15.19,1.1133
22.405,15.57,0.92798
22.405,15.949,0.724
22.405,16.329,0.86442
22.405,16.709,0.63141
22.405,17.089,0.53065
22.405,17.468,0.54235
22.405,17.848,0.42269
22.405,18.228,0.51124
22.405,18.608,0.34109
22.405,18.987,0.51056
22.405,19.367,0.75633
22.405,19.747,0.70155
22.405,20.127,0.74455
22.405,20.506,0.82986
22.405,20.886,0.90745
22.405,21.266,0.90701
22.405,21.646,0.83298
22.405,22.025,1.0818
22.405,22.405,0.75668
22.405,22.785,0.64823
22.405,23.165,0.62117
22.405,23.544,0.13429
22.405,23.924,0.20275
22.405,24.304,-0.50289
22.405,24.684,-0.89438
22.405,25.063,-1.228
22.405,25.443,-1.787
22.405,25.823,-1.7924
22.405,26.203,-2.475
22.405,26.582,-2.4827
22.405,26.962,-2.6916
22.405,27.342,-2.7845
22.405,27.722,-2.7468
22.405,28.101,-2.9862
22.405,28.481,-2.6772
22.405,28.861,-2.2857
22.405,29.241,-2.0626
22.405,29.62,-1.7843
22.405,30,-1.4693
22.785,0,-0.24569
22.785,0.37975,-0.15598
22.785,0.75949,-0.33684
22.785,1.1392,-0.28587
22.785,1.519,-0.25651
22.785,1.8987,-0.11568
22.785,2.2785,-0.44425
22.785,2.6582,-0.27343
22.785,3.038,-0.35639
22.785,3.4177,-0.34694
22.785,3.7975,-0.44424
22.785,4.1772,-0.032487
22.785,4.557,-0.22113
22.785,4.9367,0.14554
22.785,5.3165,-0.044107
22.785,5.6962,-0.04403
22.785,6.0759,0.12302
22.785,6.4557,-0.033824
22.785,6.8354,0.17057
22.785,7.2152,-0.12498
22.785,7.5949,-0.27127
22.785,7.9747,-0.3084
22.785,8.3544,-0.55761
22.785,8.7342,-0.6016
22.785,9.1139,-0.43353
22.785,9.4937,-0.89343
22.785,9.8734,-0.7819
22.785,10.253,-0.65374
22.785,10.633,-0.54697
22.785,11.013,-0.37625
22.785,11.392,-0.28496
22.785,11.772,-0.045439
22.785,12.152,0.35079
22.785,12.532,0.6338
22.785,12.911,0.73565
22.785,13.291,0.97723
22.785,13.671,1.2682
22.785,14.051,1.2512
22.785,14.43,1.3976
22.785,14.81,1.0544
22.785,15.19,1.0917
22.785,15.57,1.1333
22.785,15.949,0.99183
22.785,16.329,0.96896
22.785,16.709,0.90405
22.785,17.089,0.72163
22.785,17.468,0.7921
22.785,17.848,0.80494
22.785,18.228,0.5915
22.785,18.608,0.63458
22.785,18.987,0.72629
22.785,19.367,0.51893
22.785,19.747,0.64797
22.785,20.127,0.83125
22.785,20.506,0.92443
22.785,20.886,0.77323
22.785,21.266,0.87858
22.785,21.646,0.88403
22.785,22.025,1.0337
22.785,22.405,0.74127
22.785,22.785,0.79199
22.785,23.165,0.69646
22.785,23.544,0.25002
22.785,23.924,-0.021418
22.785,24.304,-0.47009
22.785,24.684,-0.74875
22.785,25.063,-1.1885
22.785,25.443,-1.6172
22.785,25.823,-1.7281
22.785,26.203,-2.075
22.785,26.582,-2.3932
22.785,26.962,-2.4376
22.785,27.342,-2.5068
22.785,27.722,-2.659
22.785,28.101,-2.342
22.785,28.481,-2.3995
22.785,28.861,-1.8796
22.785,29.241,-1.7723
22.785,29.62,-1.3757
22.785,30,-1.0252
23.165,0,-0.48109
23.165,0.37975,-0.68587
23.165,0.75949,-0.56107
23.165,1.1392,-0.36
23.165,1.519,-0.42111
23.165,1.8987,-0.53291
23.165,2.2785,-0.65187
23.165,2.6582,-0.44417
23.165,3.038,-0.48904
23.165,3.4177,-0.53515
23.165,3.7975,-0.33517
23.165,4.1772,-0.19736
23.165,4.557,-0.29795
23.165,4.9367,0.0067972
23.165,5.3165,-0.023938
23.165,5.6962,-0.12104
23.165,6.0759,0.028645
23.165,6.4557,0.39983
23.165,6.8354,0.089593
23.165,7.2152,-0.065153
23.165,7.5949,-0.38453
23.165,7.9747,-0.082247
23.165,8.3544,-0.53089
23.165,8.7342,-0.48854
23.165,9.1139,-0.66408
23.165,9.4937,-0.86331
23.165,9.8734,-0.81744
23.165,10.253,-0.72552
23.165,10.633,-0.71329
23.165,11.013,-0.47132
23.165,11.392,-0.18396
23.165,11.772,-0.098478
23.165,12.152,0.19346
23.165,12.532,0.37635
23.165,12.911,0.74679
23.165,13.291,0.89447
23.165,13.671,1.0163
23.165,14.051,1.1751
23.165,14.43,1.3363
23.165,14.81,1.1817
23.165,15.19,1.3304
23.165,15.57,1.1372
23.165,15.949,1.0207
23.165,16.329,1.1497
23.165,16.709,0.90056
23.165,17.089,0.99218
23.165,17.468,0.79866
23.165,17.848,0.97892
23.165,18.228,0.80659
23.165,18.608,0.86098
23.165,18.987,0.81424
23.165,19.367,0.92269
23.165,19.747,1.1
23.165,20.127,0.77096
23.165,20.506,0.84604
23.165,20.886,0.9576
23.165,21.266,0.97321
23.165,21.646,0.87315
23.165,22.025,0.73885
23.165,22.405,0.92796
23.165,22.785,0.67697
23.165,23.165,0.48648
23.165,23.544,0.30066
23.165,23.924,0.20601
23.165,24.304,-0.28624
23.165,24.684,-0.56153
23.165,25.063,-0.85781
23.165,25.443,-1.2207
23.165,25.823,-1.524
23.165,26.203,-1.9118
23.165,26.582,-2.0158
23.165,26.962,-2.1413
23.165,27.342,-2.1282
23.165,27.722,-2.3716
23.165,28.101,-2.0708
23.165,28.481,-1.6614
23.165,28.861,-1.5407
23.165,29.241,-1.1036
23.165,29.62,-0.97425
23.165,30,-0.461
23.544,0,-0.98607
23.544,0.37975,-0.82473
23.544,0.75949,-0.66983
23.544,1.1392,-0.86396
23.544,1.519,-0.75748
23.544,1.8987,-0.69295
23.544,2.2785,-0.69082
23.544,2.6582,-0.90679
23.544,3.038,-0.67794
23.544,3.4177,-0.69421
23.544,3.7975,-0.58941
23.544,4.1772,-0.33818
23.544,4.557,-0.1597
23.544,4.9367,-0.20509
23.544,5.3165,-0.032149
23.544,5.6962,-0.021647
23.544,6.0759,0.019743
23.544,6.4557,0.086005
23.544,6.8354,-0.086874
23.544,7.2152,-0.19138
23.544,7.5949,-0.12475
23.544,7.9747,-0.2931
23.544,8.3544,-0.37335
23.544,8.7342,-0.71182
23.544,9.1139,-0.56707
23.544,9.4937,-0.83647
23.544,9.8734,-0.99686
23.544,10.253,-1.0419
23.544,10.633,-0.68007
23.544,11.013,-0.52894
23.544,11.392,-0.21151
23.544,11.772,-0.14745
23.544,12.152,0.12037
23.544,12.532,0.37941
23.544,12.911,0.77713
23.544,13.291,1.1134
23.544,13.671,1.1333
23.544,14.051,1.3862
23.544,14.43,1.4007
23.544,14.81,1.2173
23.544,15.19,1.3831
23.544,15.57,1.3843
23.544,15.949,1.3927
23.544,16.329,1.2877
23.544,16.709,1.1252
23.544,17.089,0.98831
23.544,17.468,1.0188
23.544,17.848,1.0885
23.544,18.228,0.90777
23.544,18.608,0.99651
23.544,18.987,1.0665
23.544,19.367,0.95338
23.544,19.747,0.91737
23.544,20.127,1.0415
23.544,20.506,0.77258
23.544,20.886,1.0968
23.544,21.266,1.061
23.544,21.646,0.91277
23.544,22.025,0.96735
23.544,22.405,0.98941
23.544,22.785,0.6844
23.544,23.165,0.35845
23.544,23.544,0.33117
23.544,23.924,0.14935
23.544,24.304,-0.01501
23.544,24.684,-0.40731
23.544,25.063,-0.77661
23.544,25.443,-1.3684
23.544,25.823,-1.4033
23.544,26.203,-1.479
23.544,26.582,-1.8284
23.544,26.962,-1.8248
23.544,27.342,-1.7197
23.544,27.722,-1.6799
23.544,28.101,-1.4806
23.544,28.481,-1.1053
23.544,28.861,-1.0181
23.544,29.241,-0.69138
23.544,29.62,-0.49852
23.544,30,-0.15491
23.924,0,-1.0217
23.924,0.37975,-1.0679
23.924,0.75949,-1.1465
23.924,1.1392,-1.1062
23.924,1.519,-0.96903
23.924,1.8987,-0.96097
23.924,2.2785,-0.99152
23.924,2.6582,-1.119
23.924,3.038,-0.88279
23.924,3.4177,-0.63202
23.924,3.7975,-0.54809
23.924,4.1772,-0.37214
23.924,4.557,-0.48922
23.924,4.9367,-0.33085
23.924,5.3165,0.016802
23.924,5.6962,-0.10332
23.924,6.0759,-0.22504
23.924,6.4557,-0.040455
23.924,6.8354,-0.032255
23.924,7.2152,-0.0055804
23.924,7.5949,-0.19814
23.924,7.9747,-0.58161
23.924,8.3544,-0.45447
23.924,8.7342,-0.73768
23.924,9.1139,-0.74003
23.924,9.4937,-0.93459
23.924,9.8734,-0.71268
23.924,10.253,-0.78902
23.924,10.633,-0.76459
23.924,11.013,-0.59816
23.924,11.392,-0.35502
23.924,11.772,0.041786
23.924,12.152,0.13736
23.924,12.532,0.46469
23.924,12.911,0.73413
23.924,13.291,0.89015
23.924,13.671,1.0157
23.924,14.051,1.2845
23.924,14.43,1.3731
23.924,14.81,1.3726
23.924,15.19,1.4807
23.924,15.57,1.4356
23.924,15.949,1.2296
23.924,16.329,1.2688
23.924,16.709,1.3315
23.924,17.089,1.2251
23.924,17.468,1.2178
23.924,17.848,1.1613
23.924,18.228,1.1255
23.924,18.608,1.1447
23.924,18.987,1.1622
23.924,19.367,0.98041
23.924,19.747,1.1598
23.924,20.127,1.1763
23.924,20.506,1.2
23.924,20.886,0.8949
23.924,21.266,1.0726
23.924,21.646,0.93163
23.924,22.025,0.89752
23.924,22.405,0.90284
23.924,22.785,0.8244
23.924,23.165,0.65348
23.924,23.544,0.27188
23.924,23.924,-0.074811
23.924,24.304,-0.24486
23.924,24.684,-0.62668
23.924,25.063,-0.74056
23.924,25.443,-0.98436
23.924,25.823,-1.2067
23.924,26.203,-1.3795
23.924,26.582,-1.6104
23.924,26.962,-1.5248
23.924,27.342,-1.4977
23.924,27.722,-1.2748
23.924,28.101,-1.2271
23.924,28.481,-0.9336
23.924,28.861,-0.64606
23.924,29.241,-0.54586
23.924,29.62,-0.03483
23.924,30,0.30909
24.304,0,-1.2715
24.304,0.37975,-1.3462
24.304,0.75949,-1.3702
24.304,1.1392,-1.3341
24.304,1.519,-1.2916
24.304,1.8987,-1.4178
24.304,2.2785,-1.4142
24.304,2.6582,-1.4416
24.304,3.038,-1.1264
24.304,3.4177,-0.81883
24.304,3.7975,-0.94735
24.304,4.1772,-0.76975
24.304,4.557,-0.52737
24.304,4.9367,-0.42406
24.304,5.3165,-0.41496
24.304,5.6962,-0.12764
24.304,6.0759,-0.2088
24.304,6.4557,-0.14507
24.304,6.8354,-0.18754
24.304,7.2152,-0.41029
24.304,7.5949,-0.22846
24.304,7.9747,-0.51755
24.304,8.3544,-0.68136
24.304,8.7342,-0.66941
24.304,9.1139,-0.85729
24.304,9.4937,-0.92637
24.304,9.8734,-0.84094
24.304,10.253,-0.91284
24.304,10.633,-0.79843
24.304,11.013,-0.6539
24.304,11.392,-0.24264
24.304,11.772,-0.16328
24.304,12.152,0.22352
24.304,12.532,0.4485
24.304,12.911,0.59113
24.304,13.291,0.84307
24.304,13.671,1.0963
24.304,14.051,1.2028
24.304,14.43,1.1063
24.304,14.81,1.2317
24.304,15.19,1.285
24.304,15.57,1.3747
24.304,15.949,1.4099
24.304,16.329,1.2292
24.304,16.709,1.4105
24.304,17.089,1.2413
24.304,17.468,1.4041
24.304,17.848,1.359
24.304,18.228,1.199
24.304,18.608,1.1431
24.304,18.987,1.4022
24.304,19.367,1.3047
24.304,19.747,1.0281
24.304,20.127,1.2927
24.304,20.506,1.2221
24.304,20.886,0.86467
24.304,21.266,1.0828
24.304,21.646,0.91622
24.304,22.025,0.91772
24.304,22.405,0.78181
24.304,22.785,0.68444
24.304,23.165,0.57857
24.304,23.544,0.21843
24.304,23.924,0.09233
24.304,24.304,-0.011453
24.304,24.684,-0.29916
24.304,25.063,-0.65823
24.304,25.443,-0.8787
24.304,25.823,-1.2528
24.304,26.203,-1.1546
24.304,26.582,-1.4762
24.304,26.962,-1.2632
24.304,27.342,-1.0669
24.304,27.722,-1.0887
24.304,28.101,-0.60104
24.304,28.481,-0.54607
24.304,28.861,-0.19197
24.304,29.241,-0.055781
24.304,29.62,0.35511
24.304,30,0.66439
24.684,0,-1.3944
24.684,0.37975,-1.4285
24.684,0.75949,-1.573
24.684,1.1392,-1.4744
24.684,1.519,-1.5298
24.684,1.8987,-1.7532
24.684,2.2785,-1.5758
24.684,2.6582,-1.4294
24.684,3.038,-1.4166
24.684,3.4177,-1.2901
24.684,3.7975,-1.0417
24.684,4.1772,-0.87618
24.684,4.557,-0.7875
24.684,4.9367,-0.59347
24.684,5.3165,-0.61106
24.684,5.6962,-0.31866
24.684,6.0759,-0.21072
24.684,6.4557,-0.044614
24.684,6.8354,-0.36252
24.684,7.2152,-0.4877
24.684,7.5949,-0.48993
24.684,7.9747,-0.54762
24.684,8.3544,-0.69401
24.684,8.7342,-0.77535
24.684,9.1139,-0.87036
24.684,9.4937,-1.0051
24.684,9.8734,-0.69604
24.684,10.253,-0.75494
24.684,10.633,-0.61422
24.684,11.013,-0.65435
24.684,11.392,-0.30069
24.684,11.772,-0.23106
24.684,12.152,0.067158
24.684,12.532,0.37837
24.684,12.911,0.73416
24.684,13.291,0.80153
24.684,13.671,1.1321
24.684,14.051,1.1375
24.684,14.43,1.1341
24.684,14.81,1.313
24.684,15.19,1.2323
24.684,15.57,1.1295
24.684,15.949,1.2855
24.684,16.329,1.3017
24.684,16.709,1.3666
24.684,17.089,1.39
24.684,17.468,1.3611
24.684,17.848,1.5493
24.684,18.228,1.4395
24.684,18.608,1.3029
24.684,18.987,1.4919
24.684,19.367,1.2429
24.684,19.747,1.3225
24.684,20.127,1.2535
24.684,20.506,1.1514
24.684,20.886,1.0842
24.684,21.266,1.198
24.684,21.646,1.1121
24.684,22.025,0.97118
24.684,22.405,0.89863
24.684,22.785,0.77406
24.684,23.165,0.50224
24.684,23.544,0.60586
24.684,23.924,0.22596
24.684,24.304,-0.11947
24.684,24.684,-0.33909
24.684,25.063,-0.38871
24.684,25.443,-0.88622
24.684,25.823,-0.84431
24.684,26.203,-1.2501
24.684,26.582,-1.161
24.684,26.962,-1.1144
24.684,27.342,-0.85697
24.684,27.722,-0.69605
24.684,28.101,-0.63914
24.684,28.481,-0.27289
24.684,28.861,0.26139
24.684,29.241,0.45989
24.684,29.62,0.82406
24.684,30,0.90215
25.063,0,-1.5559
25.063,0.37975,-1.6565
25.063,0.75949,-1.5106
25.063,1.1392,-1.8097
25.063,1.519,-1.7234
25.063,1.8987,-1.8303
25.063,2.2785,-1.7351
25.063,2.6582,-1.6923
25.063,3.038,-1.6042
25.063,3.4177,-1.3388
25.063,3.7975,-1.4496
25.063,4.1772,-1.1889
25.063,4.557,-0.82423
25.063,4.9367,-0.85173
25.063,5.3165,-0.59925
25.063,5.6962,-0.44924
25.063,6.0759,-0.38866
25.063,6.4557,-0.57112
25.063,6.8354,-0.3972
25.063,7.2152,-0.49282
25.063,7.5949,-0.55561
25.063,7.9747,-0.47939
25.063,8.3544,-0.65909
25.063,8.7342,-0.68671
25.063,9.1139,-0.84075
25.063,9.4937,-0.92665
25.063,9.8734,-0.82632
25.063,10.253,-0.59589
25.063,10.633,-0.60836
25.063,11.013,-0.36876
25.063,11.392,-0.33316
25.063,11.772,0.0085173
25.063,12.152,0.073815
25.063,12.532,0.25373
25.063,12.911,0.42425
25.063,13.291,0.56212
25.063,13.671,1.0476
25.063,14.051,0.962
25.063,14.43,1.0672
25.063,14.81,0.91155
25.063,15.19,0.93967
25.063,15.57,1.2592
25.063,15.949,1.3788
25.063,16.329,1.3131
25.063,16.709,1.2569
25.063,17.089,1.4555
25.063,17.468,1.4467
25.063,17.848,1.5249
25.063,18.228,1.549
25.063,18.608,1.4091
25.063,18.987,1.3836
25.063,19.367,1.3944
25.063,19.747,1.4161
25.063,20.127,1.2409
25.063,20.506,1.1991
25.063,20.886,1.1574
25.063,21.266,1.0177
25.063,21.646,1.0369
25.063,22.025,0.86077
25.063,22.405,0.86848
25.063,22.785,0.7157
25.063,23.165,0.49169
25.063,23.544,0.31449
25.063,23.924,0.03122
25.063,24.304,-0.19955
25.063,24.684,-0.33532
25.063,25.063,-0.68985
25.063,25.443,-0.87553
25.063,25.823,-0.81303
25.063,26.203,-0.87621
25.063,26.582,-0.88147
25.063,26.962,-0.82635
25.063,27.342,-0.6528
25.063,27.722,-0.37535
25.063,28.101,-0.26074
25.063,28.481,0.24442
25.063,28.861,0.4687
25.063,29.241,0.66993
25.063,29.62,1.1308
25.063,30,1.3388
25.443,0,-1.5915
25.443,0.37975,-1.7551
25.443,0.75949,-1.6088
25.443,1.1392,-1.7932
25.443,1.519,-1.8342
25.443,1.8987,-1.8012
25.443,2.2785,-2.0001
25.443,2.6582,-1.9532
25.443,3.038,-1.9498
25.443,3.4177,-1.6751
25.443,3.7975,-1.6687
25.443,4.1772,-1.4126
25.443,4.557,-1.0153
25.443,4.9367,-0.91502
25.443,5.3165,-0.61214
25.443,5.6962,-0.8003
25.443,6.0759,-0.51121
25.443,6.4557,-0.5141
25.443,6.8354,-0.59293
25.443,7.2152,-0.66463
25.443,7.5949,-0.58455
25.443,7.9747,-0.7374
25.443,8.3544,-0.52945
25.443,8.7342,-0.86717
25.443,9.1139,-0.90529
25.443,9.4937,-0.91459
25.443,9.8734,-0.61223
25.443,10.253,-0.59809
25.443,10.633,-0.59566
25.443,11.013,-0.24843
25.443,11.392,-0.17929
25.443,11.772,-0.14692
25.443,12.152,0.084413
25.443,12.532,0.25304
25.443,12.911,0.30427
25.443,13.291,0.47688
25.443,13.671,0.79877
25.443,14.051,0.83408
25.443,14.43,0.91574
25.443,14.81,0.89458
25.443,15.19,1.197
25.443,15.57,1.1559
25.443,15.949,1.1132
25.443,16.329,1.2826
25.443,16.709,1.3728
25.443,17.089,1.3407
25.443,17.468,1.4136
25.443,17.848,1.3484
25.443,18.228,1.2998
25.443,18.608,1.5715
25.443,18.987,1.5926
25.443,19.367,1.6861
25.443,19.747,1.3903
25.443,20.127,1.4544
25.443,20.506,1.4865
25.443,20.886,1.3149
25.443,21.266,1.2134
25.443,21.646,0.8954
25.443,22.025,0.8341
25.443,22.405,0.72771
25.443,22.785,0.72093
25.443,23.165,0.51543
25.443,23.544,0.33544
25.443,23.924,0.015813
25.443,24.304,-0.30395
25.443,24.684,-0.49875
25.443,25.063,-0.67514
25.443,25.443,-0.8368
25.443,25.823,-0.88364
25.443,26.203,-1.0255
25.443,26.582,-0.81404
25.443,26.962,-0.708
25.443,27.342,-0.50926
25.443,27.722,-0.31035
25.443,28.101,0.07254
25.443,28.481,0.39749
25.443,28.861,0.74931
25.443,29.241,1.0887
25.443,29.62,1.1975
25.443,30,1.3741
25.823,0,-1.5467
25.823,0.37975,-1.6383
25.823,0.75949,-1.4449
25.823,1.1392,-1.7731
25.823,1.519,-1.9662
25.823,1.8987,-1.8299
25.823,2.2785,-1.8796
25.823,2.6582,-2.111
25.823,3.038,-1.8797
25.823,3.4177,-1.6076
25.823,3.7975,-1.6349
25.823,4.1772,-1.4219
25.823,4.557,-1.0706
25.823,4.9367,-1.0107
25.823,5.3165,-0.74231
25.823,5.6962,-0.78562
25.823,6.0759,-0.65843
25.823,6.4557,-0.63189
25.823,6.8354,-0.56478
25.823,7.2152,-0.61667
25.823,7.5949,-0.80846
25.823,7.9747,-0.83461
25.823,8.3544,-0.91559
25.823,8.7342,-0.86901
25.823,9.1139,-0.78611
25.823,9.4937,-0.75725
25.823,9.8734,-0.55597
25.823,10.253,-0.50088
25.823,10.633,-0.53042
25.823,11.013,-0.2359
25.823,11.392,-0.25916
25.823,11.772,-0.14974
25.823,12.152,0.048858
25.823,12.532,0.27749
25.823,12.911,0.34143
25.823,13.291,0.32711
25.823,13.671,0.27832
25.823,14.051,0.48337
25.823,14.43,0.81721
25.823,14.81,0.79972
25.823,15.19,0.97963
25.823,15.57,0.79096
25.823,15.949,1.0794
25.823,16.329,1.3888
25.823,16.709,1.3253
25.823,17.089,1.4609
25.823,17.468,1.3473
25.823,17.848,1.654
25.823,18.228,1.4782
25.823,18.608,1.7006
25.823,18.987,1.6922
25.823,19.367,1.5686
25.823,19.747,1.7025
25.823,20.127,1.5085
25.823,20.506,1.4522
25.823,20.886,1.5224
25.823,21.266,0.95368
25.823,21.646,1.0512
25.823,22.025,0.93211
25.823,22.405,0.71829
25.823,22.785,0.68251
25.823,23.165,0.57189
25.823,23.544,0.2745
25.823,23.924,0.00022534
25.823,24.304,-0.35647
25.823,24.684,-0.38645
25.823,25.063,-0.74734
25.823,25.443,-0.68095
25.823,25.823,-0.64807
25.823,26.203,-0.85014
25.823,26.582,-0.80275
25.823,26.962,-0.49988
25.823,27.342,-0.46455
25.823,27.722,-0.038213
25.823,28.101,0.30479
25.823,28.481,0.41638
25.823,28.861,0.76986
25.823,29.241,1.3125
25.823,29.62,1.2611
25.823,30,1.6647
26.203,0,-1.2734
26.203,0.37975,-1.4924
26.203,0.75949,-1.6142
26.203,1.1392,-1.7644
26.203,1.519,-1.811
26.203,1.8987,-1.9077
26.203,2.2785,-2.0004
26.203,2.6582,-1.9979
26.203,3.038,-1.7616
26.203,3.4177,-1.7449
26.203,3.7975,-1.6032
26.203,4.1772,-1.5316
26.203,4.557,-1.2663
26.203,4.9367,-1.2084
26.203,5.3165,-0.96986
26.203,5.6962,-1.0096
26.203,6.0759,-1.0254
26.203,6.4557,-0.80676
26.203,6.8354,-0.71189
26.203,7.2152,-0.7416
26.203,7.5949,-0.69939
26.203,7.9747,-0.84489
26.203,8.3544,-0.64071
26.203,8.7342,-0.79092
26.203,9.1139,-0.65816
26.203,9.4937,-0.70616
26.203,9.8734,-0.53856
26.203,10.253,-0.45385
26.203,10.633,-0.26317
26.203,11.013,-0.10015
26.203,11.392,-0.17518
26.203,11.772,-0.090316
26.203,12.152,0.28034
26.203,12.532,0.1703
26.203,12.911,0.26135
26.203,13.291,0.25057
26.203,13.671,0.19722
26.203,14.051,0.50993
26.203,14.43,0.6432
26.203,14.81,0.62805
26.203,15.19,0.77861
26.203,15.57,0.8149
26.203,15.949,1.0782
26.203,16.329,1.2237
26.203,16.709,1.2732
26.203,17.089,1.4217
26.203,17.468,1.4503
26.203,17.848,1.4675
26.203,18.228,1.7306
26.203,18.608,1.701
26.203,18.987,1.7501
26.203,19.367,1.624
26.203,19.747,1.4239
26.203,20.127,1.6347
26.203,20.506,1.6655
26.203,20.886,1.5139
26.203,21.266,1.2571
26.203,21.646,1.0288
26.203,22.025,0.84269
26.203,22.405,0.82992
26.203,22.785,0.67643
26.203,23.165,0.26505
26.203,23.544,0.1991
26.203,23.924,-0.17858
26.203,24.304,-0.46316
26.203,24.684,-0.50139
26.203,25.063,-0.49567
26.203,25.443,-0.77248
26.203,25.823,-0.83069
26.203,26.203,-0.79489
26.203,26.582,-0.56559
26.203,26.962,-0.43213
26.203,27.342,-0.090496
26.203,27.722,0.12217
26.203,28.101,0.47917
26.203,28.481,0.81729
26.203,28.861,1.1363
26.203,29.241,1.35
26.203,29.62,1.6223
26.203,30,1.9629
26.582,0,-1.262
26.582,0.37975,-1.4197
26.582,0.75949,-1.355
26.582,1.1392,-1.6733
26.582,1.519,-1.5345
26.582,1.8987,-1.7109
26.582,2.2785,-1.8162
26.582,2.6582,-1.9719
26.582,3.038,-1.8375
26.582,3.4177,-1.7508
26.582,3.7975,-1.665
26.582,4.1772,-1.5921
26.582,4.557,-1.4644
26.582,4.9367,-1.3151
26.582,5.3165,-1.1175
26.582,5.6962,-1.0856
26.582,6.0759,-0.96362
26.582,6.4557,-0.98574
26.582,6.8354,-0.80121
26.582,7.2152,-0.86561
26.582,7.5949,-0.79791
26.582,7.9747,-0.87595
26.582,8.3544,-0.72202
26.582,8.7342,-0.87896
26.582,9.1139,-0.65277
26.582,9.4937,-0.41835
26.582,9.8734,-0.65288
26.582,10.253,-0.38197
26.582,10.633,-0.13726
26.582,11.013,-0.074545
26.582,11.392,-0.13798
26.582,11.772,0.041976
26.582,12.152,-0.098208
26.582,12.532,0.20437
26.582,12.911,0.19721
26.582,13.291,0.18391
26.582,13.671,0.13559
26.582,14.051,0.44258
26.582,14.43,0.44161
26.582,14.81,0.44091
26.582,15.19,0.59584
26.582,15.57,0.71348
26.582,15.949,1.0537
26.582,16.329,1.049
26.582,16.709,1.3978
26.582,17.089,1.3149
26.582,17.468,1.4282
26.582,17.848,1.5993
26.582,18.228,1.7022
26.582,18.608,1.6974
26.582,18.987,1.8011
26.582,19.367,1.8521
26.582,19.747,1.5766
26.582,20.127,1.6936
26.582,20.506,1.4878
26.582,20.886,1.46
26.582,21.266,1.2713
26.582,21.646,1.1034
26.582,22.025,0.77765
26.582,22.405,0.79362
26.582,22.785,0.54079
26.582,23.165,0.29954
26.582,23.544,-0.044541
26.582,23.924,-0.26343
26.582,24.304,-0.12338
26.582,24.684,-0.53338
26.582,25.063,-0.72194
26.582,25.443,-0.81236
26.582,25.823,-0.87661
26.582,26.203,-0.52594
26.582,26.582,-0.71162
26.582,26.962,-0.41996
26.582,27.342,-0.11448
26.582,27.722,0.37266
26.582,28.101,0.63206
26.582,28.481,0.90241
26.582,28.861,1.398
26.582,29.241,1.6446
26.582,29.62,1.8565
26.582,30,1.9685
26.962,0,-1.1914
26.962,0.37975,-1.2807
26.962,0.75949,-1.2818
26.962,1.1392,-1.4398
26.962,1.519,-1.6831
26.962,1.8987,-1.749
26.962,2.2785,-1.6675
26.962,2.6582,-1.6252
26.962,3.038,-1.7436
26.962,3.4177,-1.717
26.962,3.7975,-1.5442
26.962,4.1772,-1.5497
26.962,4.557,-1.4126
26.962,4.9367,-1.2609
26.962,5.3165,-1.255
26.962,5.6962,-1.0089
26.962,6.0759,-0.87799
26.962,6.4557,-0.9039
26.962,6.8354,-0.92902
26.962,7.2152,-0.57735
26.962,7.5949,-0.79003
26.962,7.9747,-0.51962
26.962,8.3544,-0.59192
26.962,8.7342,-0.67671
26.962,9.1139,-0.56977
26.962,9.4937,-0.36754
26.962,9.8734,-0.46159
26.962,10.253,-0.36638
26.962,10.633,-0.24561
26.962,11.013,-0.18836
26.962,11.392,-0.19497
26.962,11.772,-0.093369
26.962,12.152,0.05457
26.962,12.532,0.061004
26.962,12.911,0.073757
26.962,13.291,-0.037205
26.962,13.671,0.068672
26.962,14.051,0.13342
26.962,14.43,0.23405
26.962,14.81,0.35735
26.962,15.19,0.4062
26.962,15.57,0.539
26.962,15.949,0.89716
26.962,16.329,0.92314
26.962,16.709,1.2394
26.962,17.089,1.2628
26.962,17.468,1.417
26.962,17.848,1.7904
26.962,18.228,1.6097
26.962,18.608,1.683
26.962,18.987,1.665
26.962,19.367,1.9582
26.962,19.747,1.6252
26.962,20.127,1.8922
26.962,20.506,1.6654
26.962,20.886,1.526
26.962,21.266,1.256
26.962,21.646,1.1587
26.962,22.025,0.81764
26.962,22.405,0.57707
26.962,22.785,0.57583
26.962,23.165,0.39397
26.962,23.544,-0.19095
26.962,23.924,-0.2575
26.962,24.304,-0.47142
26.962,24.684,-0.6663
26.962,25.063,-0.96884
26.962,25.443,-0.68873
26.962,25.823,-0.77676
26.962,26.203,-0.76452
26.962,26.582,-0.38848
26.962,26.962,-0.29031
26.962,27.342,0.21085
26.962,27.722,0.17699
26.962,28.101,0.63694
26.962,28.481,0.94504
26.962,28.861,1.3152
26.962,29.241,1.5827
26.962,29.62,2.002
26.962,30,2.0184
27.342,0,-1.1178
27.342,0.37975,-1.0873
27.342,0.75949,-1.0565
27.342,1.1392,-1.3739
27.342,1.519,-1.3729
27.342,1.8987,-1.4256
27.342,2.2785,-1.6571
27.342,2.6582,-1.6965
27.342,3.038,-1.7574
27.342,3.4177,-1.5833
27.342,3.7975,-1.588
27.342,4.1772,-1.4187
27.342,4.557,-1.2516
27.342,4.9367,-1.3047
27.342,5.3165,-1.0866
27.342,5.6962,-1.0953
27.342,6.0759,-0.98462
27.342,6.4557,-0.78891
27.342,6.8354,-0.798
27.342,7.2152,-0.67218
27.342,7.5949,-0.57957
27.342,7.9747,-0.50797
27.342,8.3544,-0.44527
27.342,8.7342,-0.71921
27.342,9.1139,-0.43299
27.342,9.4937,-0.45895
27.342,9.8734,-0.21399
27.342,10.253,-0.27757
27.342,10.633,-0.28549
27.342,11.013,-0.070236
27.342,11.392,-0.13636
27.342,11.772,-0.12367
27.342,12.152,-0.0057888
27.342,12.532,0.0012478
27.342,12.911,-0.05808
27.342,13.291,0.15754
27.342,13.671,0.0013481
27.342,14.051,0.017125
27.342,14.43,0.053384
27.342,14.81,0.29692
27.342,15.19,0.52827
27.342,15.57,0.55625
27.342,15.949,0.77197
27.342,16.329,0.86092
27.342,16.709,1.2258
27.342,17.089,1.4581
27.342,17.468,1.7155
27.342,17.848,1.7907
27.342,18.228,1.8843
27.342,18.608,1.7788
27.342,18.987,1.8044
27.342,19.367,1.6409
27.342,19.747,1.877
27.342,20.127,1.8419
27.342,20.506,1.6688
27.342,20.886,1.5775
27.342,21.266,1.3423
27.342,21.646,1.009
27.342,22.025,0.61964
27.342,22.405,0.68105
27.342,22.785,0.35353
27.342,23.165,-0.084091
27.342,23.544,-0.26376
27.342,23.924,-0.39093
27.342,24.304,-0.37414
27.342,24.684,-0.7887
27.342,25.063,-0.70563
27.342,25.443,-0.86838
27.342,25.823,-0.70858
27.342,26.203,-0.58183
27.342,26.582,-0.22981
27.342,26.962,-0.23378
27.342,27.342,0.0086675
27.342,27.722,0.41744
27.342,28.101,0.91337
27.342,28.481,1.1611
27.342,28.861,1.6367
27.342,29.241,1.6491
27.342,29.62,1.9911
27.342,30,2.0459
27.722,0,-0.82644
27.722,0.37975,-0.86688
27.722,0.75949,-0.94041
27.722,1.1392,-1.1562
27.722,1.519,-1.3037
27.722,1.8987,-1.421
27.722,2.2785,-1.3024
27.722,2.6582,-1.2756
27.722,3.038,-1.5479
27.722,3.4177,-1.4371
27.722,3.7975,-1.5512
27.722,4.1772,-1.5752
27.722,4.557,-1.2608
27.722,4.9367,-1.4197
27.722,5.3165,-1.1298
27.722,5.6962,-0.9632
27.722,6.0759,-0.88833
27.722,6.4557,-0.72458
27.722,6.8354,-1.0518
27.722,7.2152,-0.6066
27.722,7.5949,-0.65277
27.722,7.9747,-0.60091
27.722,8.3544,-0.56152
27.722,8.7342,-0.50891
27.722,9.1139,-0.4633
27.722,9.4937,-0.38404
27.722,9.8734,-0.23437
27.722,10.253,-0.2431
27.722,10.633,-0.13114
27.722,11.013,-0.20183
27.722,11.392,-0.0040611
27.722,11.772,-0.16613
27.722,12.152,-0.0081487
27.722,12.532,-0.28221
27.722,12.911,-0.071709
27.722,13.291,-0.1727
27.722,13.671,-0.28364
27.722,14.051,-0.033122
27.722,14.43,-0.050249
27.722,14.81,0.22941
27.722,15.19,0.15572
27.722,15.57,0.57455
27.722,15.949,0.81364
27.722,16.329,0.8377
27.722,16.709,1.1724
27.722,17.089,1.3075
27.722,17.468,1.5287
27.722,17.848,1.7075
27.722,18.228,1.811
27.722,18.608,1.7902
27.722,18.987,2.0481
27.722,19.367,1.9626
27.722,19.747,1.8323
27.722,20.127,1.8646
27.722,20.506,1.4926
27.722,20.886,1.3299
27.722,21.266,1.0822
27.722,21.646,1.0315
27.722,22.025,0.72031
27.722,22.405,0.60562
27.722,22.785,0.22768
27.722,23.165,-0.096236
27.722,23.544,-0.39924
27.722,23.924,-0.67765
27.722,24.304,-0.66602
27.722,24.684,-0.713
27.722,25.063,-0.89652
27.722,25.443,-0.96662
27.722,25.823,-0.78844
27.722,26.203,-0.42954
27.722,26.582,-0.47927
27.722,26.962,-0.013744
27.722,27.342,0.12109
27.722,27.722,0.69959
27.722,28.101,0.81811
27.722,28.481,1.2154
27.722,28.861,1.5915
27.722,29.241,1.7982
27.722,29.62,1.906
27.722,30,2.1967
28.101,0,-0.73572
28.101,0.37975,-0.83248
28.101,0.75949,-0.79718
28.101,1.1392,-0.939
28.101,1.519,-0.87877
28.101,1.8987,-1.2005
28.101,2.2785,-1.1967
28.101,2.6582,-1.3509
28.101,3.038,-1.3139
28.101,3.4177,-1.3122
28.101,3.7975,-1.3678
28.101,4.1772,-1.2236
28.101,4.557,-1.1704
28.101,4.9367,-1.1591
28.101,5.3165,-0.94326
28.101,5.6962,-0.9006
28.101,6.0759,-0.76608
28.101,6.4557,-0.70571
28.101,6.8354,-0.82294
28.101,7.2152,-0.6336
28.101,7.5949,-0.77032
28.101,7.9747,-0.49502
28.101,8.3544,-0.49869
28.101,8.7342,-0.39707
28.101,9.1139,-0.23097
28.101,9.4937,-0.32319
28.101,9.8734,-0.2451
28.101,10.253,0.0097332
28.101,10.633,-0.17942
28.101,11.013,0.0053979
28.101,11.392,-0.044634
28.101,11.772,0.038178
28.101,12.152,0.050472
28.101,12.532,-0.16304
28.101,12.911,-0.34959
28.101,13.291,-0.22902
28.101,13.671,-0.40598
28.101,14.051,-0.15865
28.101,14.43,-0.085292
28.101,14.81,-0.037537
28.101,15.19,0.26446
28.101,15.57,0.34129
28.101,15.949,0.63392
28.101,16.329,0.94889
28.101,16.709,0.93396
28.101,17.089,1.3312
28.101,17.468,1.4975
28.101,17.848,1.5797
28.101,18.228,1.8942
28.101,18.608,1.962
28.101,18.987,1.9251
28.101,19.367,2.0664
28.101,19.747,2.0291
28.101,20.127,1.8464
28.101,20.506,1.599
28.101,20.886,1.4841
28.101,21.266,1.1247
28.101,21.646,0.80244
28.101,22.025,0.57776
28.101,22.405,0.065192
28.101,22.785,-0.19433
28.101,23.165,-0.14575
28.101,23.544,-0.51951
28.101,23.924,-0.68262
28.101,24.304,-0.9315
28.101,24.684,-1.128
28.101,25.063,-1.1124
28.101,25.443,-1.0038
28.101,25.823,-0.78532
28.101,26.203,-0.82648
28.101,26.582,-0.21579
28.101,26.962,-0.096733
28.101,27.342,0.33039
28.101,27.722,0.62949
28.101,28.101,0.95378
28.101,28.481,1.3166
28.101,28.861,1.6035
28.101,29.241,1.7152
28.101,29.62,1.9719
28.101,30,2.0578
28.481,0,-0.64667
28.481,0.37975,-0.63095
28.481,0.75949,-0.84499
28.481,1.1392,-0.71716
28.481,1.519,-0.84577
28.481,1.8987,-0.85902
28.481,2.2785,-1.007
28.481,2.6582,-0.94758
28.481,3.038,-1.06
28.481,3.4177,-1.1768
28.481,3.7975,-1.0527
28.481,4.1772,-1.0375
28.481,4.557,-1.1535
28.481,4.9367,-0.81629
28.481,5.3165,-0.88883
28.481,5.6962,-0.74866
28.481,6.0759,-0.7585
28.481,6.4557,-0.70206
28.481,6.8354,-0.71939
28.481,7.2152,-0.61885
28.481,7.5949,-0.64024
28.481,7.9747,-0.44699
28.481,8.3544,-0.29514
28.481,8.7342,-0.23725
28.481,9.1139,-0.18395
28.481,9.4937,-0.1197
28.481,9.8734,-0.088546
28.481,10.253,-0.0020386
28.481,10.633,-0.078613
28.481,11.013,-0.05261
28.481,11.392,0.039345
28.481,11.772,-0.22272
28.481,12.152,-0.30469
28.481,12.532,-0.22062
28.481,12.911,-0.30974
28.481,13.291,-0.38442
28.481,13.671,-0.33933
28.481,14.051,-0.41719
28.481,14.43,-0.131
28.481,14.81,-0.096949
28.481,15.19,0.18538
28.481,15.57,0.30138
28.481,15.949,0.74751
28.481,16.329,0.87776
28.481,16.709,0.93849
28.481,17.089,1.4179
28.481,17.468,1.557
28.481,17.848,1.7925
28.481,18.228,1.9197
28.481,18.608,1.8534
28.481,18.987,2.1129
28.481,19.367,1.8842
28.481,19.747,1.7863
28.481,20.127,1.7661
28.481,20.506,1.6192
28.481,20.886,1.357
28.481,21.266,1.1063
28.481,21.646,0.86092
28.481,22.025,0.60016
28.481,22.405,0.0055455
28.481,22.785,-0.26284
28.481,23.165,-0.4124
28.481,23.544,-0.67091
28.481,23.924,-0.97184
28.481,24.304,-0.92628
28.481,24.684,-1.3267
28.481,25.063,-1.0789
28.481,25.443,-1.1352
28.481,25.823,-0.98228
28.481,26.203,-0.70415
28.481,26.582,-0.25712
28.481,26.962,-0.2006
28.481,27.342,0.16306
28.481,27.722,0.5642
28.481,28.101,1.0862
28.481,28.481,1.2138
28.481,28.861,1.5514
28.481,29.241,1.7801
28.481,29.62,1.9594
28.481,30,2.0215
28.861,0,-0.5763
28.861,0.37975,-0.36505
28.861,0.75949,-0.60996
28.861,1.1392,-0.58404
28.861,1.519,-0.65541
28.861,1.8987,-0.91081
28.861,2.2785,-1.0184
28.861,2.6582,-0.94097
28.861,3.038,-0.99384
28.861,3.4177,-1.0569
28.861,3.7975,-0.93746
28.861,4.1772,-1.0513
28.861,4.557,-0.9743
28.861,4.9367,-0.87569
28.861,5.3165,-0.85869
28.861,5.6962,-0.74607
28.861,6.0759,-0.61928
28.861,6.4557,-0.43558
28.861,6.8354,-0.38363
28.861,7.2152,-0.78844
28.861,7.5949,-0.58556
28.861,7.9747,-0.43171
28.861,8.3544,-0.31633
28.861,8.7342,-0.36497
28.861,9.1139,-0.26114
28.861,9.4937,-0.07825
28.861,9.8734,-0.049167
28.861,10.253,0.01927
28.861,10.633,0.062906
28.861,11.013,0.19794
28.861,11.392,-0.090497
28.861,11.772,-0.28707
28.861,12.152,-0.33796
28.861,12.532,-0.26251
28.861,12.911,-0.50307
28.861,13.291,-0.48303
28.861,13.671,-0.51584
28.861,14.051,-0.53657
28.861,14.43,-0.22551
28.861,14.81,-0.36062
28.861,15.19,0.0174
28.861,15.57,0.24322
28.861,15.949,0.55856
28.861,16.329,0.72669
28.861,16.709,0.9295
28.861,17.089,1.2129
28.861,17.468,1.5789
28.861,17.848,2.0115
28.861,18.228,1.7851
28.861,18.608,1.9327
28.861,18.987,1.9855
28.861,19.367,1.9039
28.861,19.747,1.7538
28.861,20.127,1.6781
28.861,20.506,1.4257
28.861,20.886,1.2193
28.861,21.266,1.0292
28.861,21.646,0.56613
28.861,22.025,0.43248
28.861,22.405,-0.19039
28.861,22.785,-0.42736
28.861,23.165,-0.65353
28.861,23.544,-0.86313
28.861,23.924,-1.0149
28.861,24.304,-1.3004
28.861,24.684,-1.4028
28.861,25.063,-1.2399
28.861,25.443,-1.2725
28.861,25.823,-0.96736
28.861,26.203,-0.73739
28.861,26.582,-0.58196
28.861,26.962,-0.23967
28.861,27.342,0.12424
28.861,27.722,0.35671
28.861,28.101,1.0201
28.861,28.481,1.142
28.861,28.861,1.5447
28.861,29.241,1.7201
28.861,29.62,1.889
28.861,30,1.9465
29.241,0,-0.58258
29.241,0.37975,-0.58886
29.241,0.75949,-0.72467
29.241,1.1392,-0.62102
29.241,1.519,-0.63192
29.241,1.8987,-0.69278
29.241,2.2785,-0.60358
29.241,2.6582,-0.91544
29.241,3.038,-0.78023
29.241,3.4177,-0.70092
29.241,3.7975,-0.84101
29.241,4.1772,-0.922
29.241,4.557,-0.80704
29.241,4.9367,-0.66644
29.241,5.3165,-0.78881
29.241,5.6962,-0.62416
29.241,6.0759,-0.48547
29.241,6.4557,-0.58439
29.241,6.8354,-0.38748
29.241,7.2152,-0.26584
29.241,7.5949,-0.13547
29.241,7.9747,-0.11104
29.241,8.3544,-0.15488
29.241,8.7342,-0.16007
29.241,9.1139,-0.092753
29.241,9.4937,-0.085786
29.241,9.8734,-0.017847
29.241,10.253,-0.12221
29.241,10.633,0.16625
29.241,11.013,-0.10712
29.241,11.392,-0.28115
29.241,11.772,-0.26919
29.241,12.152,-0.46096
29.241,12.532,-0.50214
29.241,12.911,-0.55261
29.241,13.291,-0.75438
29.241,13.671,-0.65772
29.241,14.051,-0.49561
29.241,14.43,-0.41547
29.241,14.81,-0.19875
29.241,15.19,-0.1656
29.241,15.57,0.27425
29.241,15.949,0.5397
29.241,16.329,0.68972
29.241,16.709,0.98467
29.241,17.089,1.1108
29.241,17.468,1.6373
29.241,17.848,1.7674
29.241,18.228,1.661
29.241,18.608,1.9623
29.241,18.987,1.9996
29.241,19.367,1.9203
29.241,19.747,2.0809
29.241,20.127,1.81
29.241,20.506,1.612
29.241,20.886,1.1377
29.241,21.266,0.84668
29.241,21.646,0.46951
29.241,22.025,0.17735
29.241,22.405,-0.17801
29.241,22.785,-0.71916
29.241,23.165,-0.79691
29.241,23.544,-1.1272
29.241,23.924,-1.2017
29.241,24.304,-1.4232
29.241,24.684,-1.4786
29.241,25.063,-1.4487
29.241,25.443,-1.3314
29.241,25.823,-1.2311
29.241,26.203,-1.0105
29.241,26.582,-0.34621
29.241,26.962,-0.21096
29.241,27.342,0.14055
29.241,27.722,0.40272
29.241,28.101,0.67662
29.241,28.481,1.0074
29.241,28.861,1.4048
29.241,29.241,1.6017
29.241,29.62,1.8502
29.241,30,1.9573
29.62,0,-0.55996
29.62,0.37975,-0.31683
29.62,0.75949,-0.43666
29.62,1.1392,-0.44506
29.62,1.519,-0.44159
29.62,1.8987,-0.56509
29.62,2.2785,-0.37593
29.62,2.6582,-0.48761
29.62,3.038,-0.49729
29.62,3.4177,-0.71395
29.62,3.7975,-0.54187
29.62,4.1772,-0.64947
29.62,4.557,-0.64304
29.62,4.9367,-0.70819
29.62,5.3165,-0.50545
29.62,5.6962,-0.54685
29.62,6.0759,-0.64315
29.62,6.4557,-0.24966
29.62,6.8354,-0.31691
29.62,7.2152,-0.19339
29.62,7.5949,-0.34737
29.62,7.9747,-0.15621
29.62,8.3544,0.054105
29.62,8.7342,-0.056927
29.62,9.1139,0.074838
29.62,9.4937,0.069547
29.62,9.8734,-0.053405
29.62,10.253,-0.25728
29.62,10.633,0.16452
29.62,11.013,-0.17007
29.62,11.392,-0.16664
29.62,11.772,-0.42038
29.62,12.152,-0.5811
29.62,12.532,-0.58612
29.62,12.911,-0.91919
29.62,13.291,-0.92073
29.62,13.671,-0.7922
29.62,14.051,-0.65669
29.62,14.43,-0.57178
29.62,14.81,-0.41308
29.62,15.19,-0.20842
29.62,15.57,-0.026476
29.62,15.949,0.48786
29.62,16.329,0.60367
29.62,16.709,0.83684
29.62,17.089,1.2127
29.62,17.468,1.4464
29.62,17.848,1.716
29.62,18.228,1.8752
29.62,18.608,1.9249
29.62,18.987,1.7857
29.62,19.367,1.8744
29.62,19.747,1.7345
29.62,20.127,1.5663
29.62,20.506,1.3268
29.62,20.886,1.1945
29.62,21.266,0.75923
29.62,21.646,0.29702
29.62,22.025,0.063684
29.62,22.405,-0.46947
29.62,22.785,-0.72018
29.62,23.165,-1.0956
29.62,23.544,-1.4826
29.62,23.924,-1.5693
29.62,24.304,-1.5875
29.62,24.684,-1.5023
29.62,25.063,-1.4646
29.62,25.443,-1.3593
29.62,25.823,-1.2983
29.62,26.203,-0.96207
29.62,26.582,-0.66588
29.62,26.962,-0.3388
29.62,27.342,0.0078381
29.62,27.722,0.37397
29.62,28.101,0.72032
29.62,28.481,1.1816
29.62,28.861,1.3413
29.62,29.241,1.5298
29.62,29.62,1.65
29.62,30,1.8115
30,0,-0.5671
30,0.37975,-0.58716
30,0.75949,-0.45649
30,1.1392,-0.19728
30,1.519,-0.13484
30,1.8987,-0.49701
30,2.2785,-0.37534
30,2.6582,-0.484
30,3.038,-0.46361
30,3.4177,-0.4444
30,3.7975,-0.39189
30,4.1772,-0.41687
30,4.557,-0.4846
30,4.9367,-0.6556
30,5.3165,-0.21818
30,5.6962,-0.44029
30,6.0759,-0.46701
30,6.4557,-0.30543
30,6.8354,-0.20813
30,7.2152,0.062653
30,7.5949,-0.14845
30,7.9747,-0.20796
30,8.3544,0.065998
30,8.7342,0.10567
30,9.1139,0.10778
30,9.4937,-0.080565
30,9.8734,0.19312
30,10.253,-0.049521
30,10.633,0.021501
30,11.013,-0.16669
30,11.392,-0.47947
30,11.772,-0.61725
30,12.152,-0.75676
30,12.532,-0.81829
30,12.911,-0.89645
30,13.291,-0.9057
30,13.671,-1.0677
30,14.051,-0.91712
30,14.43,-0.81926
30,14.81,-0.58479
30,15.19,-0.23517
30,15.57,-0.031828
30,15.949,0.2835
30,16.329,0.59046
30,16.709,0.94937
30,17.089,1.1947
30,17.468,1.5968
30,17.848,1.5538
30,18.228,1.7651
30,18.608,1.9224
30,18.987,1.9549
30,19.367,1.8252
30,19.747,1.6055
30,20.127,1.6004
30,20.506,1.1069
30,20.886,0.72535
30,21.266,0.44839
30,21.646,0.19854
30,22.025,-0.15898
30,22.405,-0.57327
30,22.785,-0.88207
30,23.165,-1.2769
30,23.544,-1.4692
30,23.924,-1.9405
30,24.304,-1.8208
30,24.684,-1.5812
30,25.063,-1.5643
30,25.443,-1.6547
30,25.823,-1.5535
30,26.203,-1.0021
30,26.582,-0.82022
30,26.962,-0.55394
30,27.342,-0.16168
30,27.722,0.21342
30,28.101,0.66684
30,28.481,0.82443
30,28.861,1.0851
30,29.241,1.4073
30,29.62,1.4603
30,30,1.6682
