a=[67.4104,76.6357,83.4641,87.0825,87.0412,83.3453,76.4541,67.1861,56.5621,45.6182,35.2469,26.0903,18.5026,12.5716,8.1843,5.1059,3.0521,1.7503,0.9637,0.5105,0.2616,0.1310,0.0657,0.0344,0.0201,0.0139,0.0113,0.0102,0.0098,0.0097,0.0096,0.0096,0.0096,0.0096,0.0096,0.0096,0.0096,0.0096,0.0096,0.0096,0.0096,0.0096,0.0096,0.0096,0.0096,0.0096,0.0096,0.0096,0.0096,0.0096,68.6089,77.9984,84.9481,88.6309,88.5888,84.8273,77.8135,68.3806,57.5678,46.4293,35.8735,26.5541,18.8315,12.7950,8.3297,5.1965,3.1062,1.7812,0.9806,0.5195,0.2661,0.1332,0.0667,0.0348,0.0203,0.0139,0.0113,0.0102,0.0098,0.0097,0.0096,0.0096,0.0096,0.0096,0.0096,0.0096,0.0096,0.0096,0.0096,0.0096,0.0096,0.0096,0.0096,0.0096,0.0096,0.0096,0.0096,0.0096,0.0096,0.0096,69.5914,79.1153,86.1646,89.9001,89.8574,86.0420,78.9277,69.3598,58.3921,47.0941,36.3872,26.9342,19.1010,12.9781,8.4489,5.2708,3.1505,1.8066,0.9945,0.5268,0.2697,0.1350,0.0675,0.0352,0.0204,0.0140,0.0113,0.0102,0.0098,0.0097,0.0096,0.0096,0.0096,0.0096,0.0096,0.0096,0.0096,0.0096,0.0096,0.0096,0.0096,0.0096,0.0096,0.0096,0.0096,0.0096,0.0096,0.0096,0.0096,0.0096,70.3900,80.0232,87.1534,90.9319,90.8886,87.0294,79.8336,70.1558,59.0622,47.6345,36.8047,27.2433,19.3201,13.1269,8.5457,5.3311,3.1866,1.8272,1.0058,0.5327,0.2727,0.1364,0.0681,0.0355,0.0206,0.0141,0.0113,0.0102,0.0098,0.0097,0.0096,0.0096,0.0096,0.0096,0.0096,0.0096,0.0096,0.0096,0.0096,0.0096,0.0096,0.0096,0.0096,0.0096,0.0096,0.0096,0.0096,0.0096,0.0096,0.0096,71.0358,80.7574,87.9530,91.7661,91.7225,87.8279,80.5660,70.7994,59.6040,48.0715,37.1423,27.4932,19.4973,13.2473,8.6240,5.3800,3.2157,1.8439,1.0150,0.5375,0.2751,0.1376,0.0687,0.0357,0.0207,0.0141,0.0113,0.0103,0.0098,0.0097,0.0096,0.0096,0.0096,0.0096,0.0096,0.0096,0.0096,0.0096,0.0096,0.0096,0.0096,0.0096,0.0096,0.0096,0.0096,0.0096,0.0096,0.0096,0.0096,0.0096,71.5559,81.3487,88.5970,92.4380,92.3941,88.4710,81.1559,71.3178,60.0404,48.4234,37.4142,27.6944,19.6400,13.3442,8.6871,5.4193,3.2392,1.8573,1.0223,0.5414,0.2771,0.1385,0.0691,0.0359,0.0208,0.0141,0.0114,0.0103,0.0098,0.0097,0.0096,0.0096,0.0096,0.0096,0.0096,0.0096,0.0096,0.0096,0.0096,0.0096,0.0096,0.0096,0.0096,0.0096,0.0096,0.0096,0.0096,0.0096,0.0096,0.0096,71.9725,81.8223,89.1129,92.9762,92.9321,88.9861,81.6284,71.7330,60.3900,48.7054,37.6320,27.8556,19.7543,13.4219,8.7377,5.4508,3.2580,1.8681,1.0282,0.5445,0.2786,0.1392,0.0695,0.0361,0.0208,0.0142,0.0114,0.0103,0.0098,0.0097,0.0096,0.0096,0.0096,0.0096,0.0096,0.0096,0.0096,0.0096,0.0096,0.0096,0.0096,0.0096,0.0096,0.0096,0.0096,0.0096,0.0096,0.0096,0.0096,0.0096,72.3022,82.1972,89.5211,93.4022,93.3578,89.3938,82.0024,72.0617,60.6666,48.9285,37.8044,27.9832,19.8448,13.4833,8.7776,5.4757,3.2729,1.8766,1.0329,0.5469,0.2799,0.1398,0.0697,0.0362,0.0209,0.0142,0.0114,0.0103,0.0098,0.0097,0.0096,0.0096,0.0096,0.0096,0.0096,0.0096,0.0096,0.0096,0.0096,0.0096,0.0096,0.0096,0.0096,0.0096,0.0096,0.0096,0.0096,0.0096,0.0096,0.0096,72.5564,82.4861,89.8358,93.7305,93.6860,89.7080,82.2906,72.3150,60.8799,49.1005,37.9373,28.0816,19.9145,13.5307,8.8085,5.4950,3.2844,1.8832,1.0365,0.5488,0.2808,0.1403,0.0699,0.0363,0.0209,0.0142,0.0114,0.0103,0.0098,0.0097,0.0096,0.0096,0.0096,0.0096,0.0096,0.0096,0.0096,0.0096,0.0096,0.0096,0.0096,0.0096,0.0096,0.0096,0.0096,0.0096,0.0096,0.0096,0.0096,0.0096,72.7423,82.6975,90.0660,93.9707,93.9261,89.9379,82.5015,72.5003,61.0359,49.2263,38.0345,28.1535,19.9656,13.5654,8.8310,5.5090,3.2928,1.8880,1.0391,0.5502,0.2815,0.1406,0.0701,0.0364,0.0209,0.0142,0.0114,0.0103,0.0098,0.0097,0.0096,0.0096,0.0096,0.0096,0.0096,0.0096,0.0096,0.0096,0.0096,0.0096,0.0096,0.0096,0.0096,0.0096,0.0096,0.0096,0.0096,0.0096,0.0096,0.0096,72.8649,82.8368,90.2178,94.1291,94.0843,90.0894,82.6405,72.6224,61.1387,49.3092,38.0986,28.2009,19.9992,13.5882,8.8459,5.5183,3.2983,1.8911,1.0409,0.5511,0.2820,0.1409,0.0702,0.0364,0.0210,0.0142,0.0114,0.0103,0.0098,0.0097,0.0096,0.0096,0.0096,0.0096,0.0096,0.0096,0.0096,0.0096,0.0096,0.0096,0.0096,0.0096,0.0096,0.0096,0.0096,0.0096,0.0096,0.0096,0.0096,0.0096,72.9287,82.9094,90.2968,94.2115,94.1668,90.1684,82.7129,72.6861,61.1923,49.3524,38.1319,28.2256,20.0167,13.6001,8.8536,5.5231,3.3012,1.8928,1.0418,0.5516,0.2822,0.1410,0.0702,0.0364,0.0210,0.0142,0.0114,0.0103,0.0098,0.0097,0.0096,0.0096,0.0096,0.0096,0.0096,0.0096,0.0096,0.0096,0.0096,0.0096,0.0096,0.0096,0.0096,0.0096,0.0096,0.0096,0.0096,0.0096,0.0096,0.0096,72.9398,82.9220,90.3106,94.2259,94.1811,90.1821,82.7255,72.6971,61.2016,49.3599,38.1377,28.2299,20.0197,13.6022,8.8550,5.5239,3.3017,1.8931,1.0419,0.5516,0.2823,0.1410,0.0703,0.0364,0.0210,0.0142,0.0114,0.0103,0.0098,0.0097,0.0096,0.0096,0.0096,0.0096,0.0096,0.0096,0.0096,0.0096,0.0096,0.0096,0.0096,0.0096,0.0096,0.0096,0.0096,0.0096,0.0096,0.0096,0.0096,0.0096,72.9071,82.8849,90.2701,94.1836,94.1389,90.1416,82.6884,72.6645,61.1741,49.3378,38.1206,28.2173,20.0108,13.5961,8.8510,5.5215,3.3002,1.8922,1.0415,0.5514,0.2821,0.1409,0.0702,0.0364,0.0210,0.0142,0.0114,0.0103,0.0098,0.0097,0.0096,0.0096,0.0096,0.0096,0.0096,0.0096,0.0096,0.0096,0.0096,0.0096,0.0096,0.0096,0.0096,0.0096,0.0096,0.0096,0.0096,0.0096,0.0096,0.0096,72.8433,82.8123,90.1910,94.1011,94.0564,90.0627,82.6160,72.6009,61.1206,49.2946,38.0873,28.1926,19.9933,13.5842,8.8433,5.5166,3.2973,1.8906,1.0406,0.5509,0.2819,0.1408,0.0702,0.0364,0.0210,0.0142,0.0114,0.0103,0.0098,0.0097,0.0096,0.0096,0.0096,0.0096,0.0096,0.0096,0.0096,0.0096,0.0096,0.0096,0.0096,0.0096,0.0096,0.0096,0.0096,0.0096,0.0096,0.0096,0.0096,0.0096,72.7646,82.7229,90.0937,93.9996,93.9549,89.9655,82.5268,72.5225,61.0546,49.2414,38.0462,28.1621,19.9717,13.5695,8.8337,5.5107,3.2938,1.8886,1.0394,0.5503,0.2816,0.1407,0.0701,0.0364,0.0209,0.0142,0.0114,0.0103,0.0098,0.0097,0.0096,0.0096,0.0096,0.0096,0.0096,0.0096,0.0096,0.0096,0.0096,0.0096,0.0096,0.0096,0.0096,0.0096,0.0096,0.0096,0.0096,0.0096,0.0096,0.0096,72.6905,82.6386,90.0019,93.9038,93.8591,89.8738,82.4427,72.4486,60.9924,49.1912,38.0074,28.1334,19.9513,13.5557,8.8247,5.5051,3.2904,1.8866,1.0384,0.5498,0.2813,0.1405,0.0701,0.0363,0.0209,0.0142,0.0114,0.0103,0.0098,0.0097,0.0096,0.0096,0.0096,0.0096,0.0096,0.0096,0.0096,0.0096,0.0096,0.0096,0.0096,0.0096,0.0096,0.0096,0.0096,0.0096,0.0096,0.0096,0.0096,0.0096,72.6412,82.5826,89.9409,93.8401,93.7955,89.8129,82.3868,72.3995,60.9511,49.1579,37.9816,28.1144,19.9378,13.5465,8.8188,5.5014,3.2882,1.8854,1.0377,0.5494,0.2811,0.1405,0.0700,0.0363,0.0209,0.0142,0.0114,0.0103,0.0098,0.0097,0.0096,0.0096,0.0096,0.0096,0.0096,0.0096,0.0096,0.0096,0.0096,0.0096,0.0096,0.0096,0.0096,0.0096,0.0096,0.0096,0.0096,0.0096,0.0096,0.0096,72.6365,82.5772,89.9350,93.8340,93.7894,89.8071,82.3815,72.3948,60.9471,49.1547,37.9792,28.1126,19.9365,13.5456,8.8182,5.5010,3.2880,1.8852,1.0376,0.5494,0.2811,0.1404,0.0700,0.0363,0.0209,0.0142,0.0114,0.0103,0.0098,0.0097,0.0096,0.0096,0.0096,0.0096,0.0096,0.0096,0.0096,0.0096,0.0096,0.0096,0.0096,0.0096,0.0096,0.0096,0.0096,0.0096,0.0096,0.0096,0.0096,0.0096,72.6926,82.6410,90.0045,93.9065,93.8618,89.8764,82.4451,72.4507,60.9942,49.1926,38.0085,28.1343,19.9519,13.5561,8.8250,5.5053,3.2905,1.8867,1.0384,0.5498,0.2813,0.1405,0.0701,0.0363,0.0209,0.0142,0.0114,0.0103,0.0098,0.0097,0.0096,0.0096,0.0096,0.0096,0.0096,0.0096,0.0096,0.0096,0.0096,0.0096,0.0096,0.0096,0.0096,0.0096,0.0096,0.0096,0.0096,0.0096,0.0096,0.0096,72.8203,82.7861,90.1625,94.0714,94.0267,90.0343,82.5899,72.5780,61.1013,49.2790,38.0752,28.1837,19.9869,13.5799,8.8405,5.5149,3.2963,1.8900,1.0402,0.5508,0.2818,0.1408,0.0702,0.0364,0.0210,0.0142,0.0114,0.0103,0.0098,0.0097,0.0096,0.0096,0.0096,0.0096,0.0096,0.0096,0.0096,0.0096,0.0096,0.0096,0.0096,0.0096,0.0096,0.0096,0.0096,0.0096,0.0096,0.0096,0.0096,0.0096,73.0229,83.0165,90.4134,94.3332,94.2883,90.2848,82.8197,72.7799,61.2713,49.4161,38.1812,28.2621,20.0425,13.6176,8.8650,5.5302,3.3054,1.8952,1.0431,0.5523,0.2826,0.1411,0.0703,0.0365,0.0210,0.0142,0.0114,0.0103,0.0098,0.0097,0.0096,0.0096,0.0096,0.0096,0.0096,0.0096,0.0096,0.0096,0.0096,0.0096,0.0096,0.0096,0.0096,0.0096,0.0096,0.0096,0.0096,0.0096,